1. 共轭梯度法
* step,value A(-1)
[1, 2, 3, 4, 5, 6, 7, 8, 9, 10, 11, 12, 13, 14, 15, 16, 17, 18, 19, 20, 21, 22, 23, 24, 25, 26, 27, 28, 29, 30, 31, 32, 33, 34, 35, 36, 37, 38, 39, 40, 41, 42, 43, 44, 45, 46, 47, 48, 49, 50]
[70.0, 68.58571279792899, 67.17142249498666, 65.75712889109438, 64.34283176858165, 62.928530890209096, 61.514225996918796, 60.09991680526688, 58.68560300448484, 57.271284253105414, 55.85696017507576, 54.4426303552648, 53.028294334251406, 51.61395160225576, 50.19960159204453, 48.78524367060187, 47.37087712930804, 45.95650117230423, 44.54211490264017, 43.12771730569565, 41.71330722922842, 40.29888335921977, 38.88444419044716, 37.469987990390386, 36.05551275463989, 34.64101615137755, 33.2264954516723, 31.811947441173732, 30.397368307141328, 28.982753492378876, 27.568097504180443, 26.153393661244042, 24.73863375370596, 23.323807579381203, 21.908902300206645, 20.493901531919196, 19.078784028338912, 17.663521732655695, 16.24807680927192, 14.832396974191326, 13.416407864998739, 12.0, 10.583005244258363, 9.16515138991168, 7.745966692414834, 6.324555320336759, 4.898979485566356, 3.4641016151377544, 2.0, 0.0]
* step,value A(1)
[1, 2, 3, 4, 5, 6, 7, 8, 9, 10, 11, 12, 13, 14, 15, 16, 17, 18, 19, 20, 21, 22, 23, 24, 25, 26, 27, 28, 29, 30, 31, 32, 33, 34, 35, 36, 37, 38, 39, 40, 41, 42, 43, 44, 45, 46, 47, 48, 49, 50]
[0.3517587939698492, 0.17631288636999742, 0.11763821802974897, 0.08826460253838168, 0.07062879447703797, 0.058866726744816716, 0.05046285971855527, 0.044158645705560134, 0.03925458394948838, 0.03533083544300162, 0.03212016111275186, 0.029444364713501724, 0.027180058602896594, 0.025239096138022634, 0.023556828527473168, 0.02208476399755629, 0.0207858170817496, 0.019631141039002153, 0.018597960293377642, 0.01766805297242749, 0.016826666893597454, 0.01606173111168642, 0.01536327308986519, 0.014722981528640723, 0.01413387407081141, 0.013590041644322108, 0.013086449567417328, 0.012618781214269927, 0.012183313950758428, 0.011776819785606893, 0.011396485119545077, 0.01103984536143634, 0.010704731178583442, 0.010389223866094166, 0.010091617825981555, 0.009810388478659218, 0.009544164096217948, 0.009291700017178963, 0.009051853375639027, 0.008823555606300574, 0.008605777976265933, 0.00839748075577281, 0.00819752536348485, 0.008004499030490744, 0.007816313514041075, 0.007629137901492225, 0.007433959765654281, 0.007201874459745788, 0.006779661016949157, 7.14283275439675e-13]
阈值=10 ** -6
初始值:100维0矩阵
2. CG and SD
初始值:10维0矩阵
step=5
step2=75
阈值=10 ** -6