0.58    0.38    0.26    70      1
0.78    0.48    0.12    230     2
0.66    0.54    0.11    80      3
0.55    0.40    0.22    50      1
0.23    0.67    0.18    320     2
0.42    0.48    0.08    90      3
0.50    0.48    0.18    76      1
0.88    0.77    0.24    220     2
0.41    0.46    0.11    80      3
0.45    0.42    0.28    80      1
0.51    0.44    0.25    90      1
0.52    0.55    0.34    50      1
0.58    0.58    0.45    100     1
0.42    0.42    0.32    110     1
0.38    0.64    0.23    210     2
0.28    0.82    0.12    120     2
0.79    0.76    0.32    220     2
0.86    0.88    0.41    310     2
0.76    0.91    0.32    100     2
0.48    0.78    0.12    100     3
0.78    0.48    0.13    150     3
0.45    0.26    0.29    200     3
0.28    0.59    0.31    80      3
0.39    0.48    0.18    90      3






