0.39    0.11    0.71    0.17    0.79    0.68
0.39    0.11    0.71    0.17    0.79    0.76
0.39    0.11    0.71    0.17    0.79    0.84
0.39    0.11    0.71    0.17    0.79    0.92
0.39    0.11    0.71    0.17    0.79    1.00
0.39    0.11    0.71    0.17    0.79    1.08
0.39    0.11    0.71    0.17    0.88    0.68
0.39    0.11    0.71    0.17    0.88    0.76
0.39    0.11    0.71    0.17    0.88    0.84
0.39    0.11    0.71    0.17    0.88    0.92
0.39    0.11    0.71    0.17    0.88    1.00
0.39    0.11    0.71    0.17    0.88    1.08
0.39    0.11    0.71    0.17    0.97    0.68
0.39    0.11    0.71    0.17    0.97    0.76
0.39    0.11    0.71    0.17    0.97    0.84
0.39    0.11    0.71    0.17    0.97    0.92
0.39    0.11    0.71    0.17    0.97    1.00
0.39    0.11    0.71    0.17    0.97    1.08
0.39    0.11    0.71    0.17    1.06    0.68
0.39    0.11    0.71    0.17    1.06    0.76
0.39    0.11    0.71    0.17    1.06    0.84
0.39    0.11    0.71    0.17    1.06    0.92
0.39    0.11    0.71    0.17    1.06    1.00
0.39    0.11    0.71    0.17    1.06    1.08
0.39    0.11    0.71    0.24    0.79    0.68
0.39    0.11    0.71    0.24    0.79    0.76
0.39    0.11    0.71    0.24    0.79    0.84
0.39    0.11    0.71    0.24    0.79    0.92
0.39    0.11    0.71    0.24    0.79    1.00
0.39    0.11    0.71    0.24    0.79    1.08
0.39    0.11    0.71    0.24    0.88    0.68
0.39    0.11    0.71    0.24    0.88    0.76
0.39    0.11    0.71    0.24    0.88    0.84
0.39    0.11    0.71    0.24    0.88    0.92
0.39    0.11    0.71    0.24    0.88    1.00
0.39    0.11    0.71    0.24    0.88    1.08
0.39    0.11    0.71    0.24    0.97    0.68
0.39    0.11    0.71    0.24    0.97    0.76
0.39    0.11    0.71    0.24    0.97    0.84
0.39    0.11    0.71    0.24    0.97    0.92
0.39    0.11    0.71    0.24    0.97    1.00
0.39    0.11    0.71    0.24    0.97    1.08
0.39    0.11    0.71    0.24    1.06    0.68
0.39    0.11    0.71    0.24    1.06    0.76
0.39    0.11    0.71    0.24    1.06    0.84
0.39    0.11    0.71    0.24    1.06    0.92
0.39    0.11    0.71    0.24    1.06    1.00
0.39    0.11    0.71    0.24    1.06    1.08
0.39    0.11    0.71    0.31    0.79    0.68
0.39    0.11    0.71    0.31    0.79    0.76
0.39    0.11    0.71    0.31    0.79    0.84
0.39    0.11    0.71    0.31    0.79    0.92
0.39    0.11    0.71    0.31    0.79    1.00
0.39    0.11    0.71    0.31    0.79    1.08
0.39    0.11    0.71    0.31    0.88    0.68
0.39    0.11    0.71    0.31    0.88    0.76
0.39    0.11    0.71    0.31    0.88    0.84
0.39    0.11    0.71    0.31    0.88    0.92
0.39    0.11    0.71    0.31    0.88    1.00
0.39    0.11    0.71    0.31    0.88    1.08
0.39    0.11    0.71    0.31    0.97    0.68
0.39    0.11    0.71    0.31    0.97    0.76
0.39    0.11    0.71    0.31    0.97    0.84
0.39    0.11    0.71    0.31    0.97    0.92
0.39    0.11    0.71    0.31    0.97    1.00
0.39    0.11    0.71    0.31    0.97    1.08
0.39    0.11    0.71    0.31    1.06    0.68
0.39    0.11    0.71    0.31    1.06    0.76
0.39    0.11    0.71    0.31    1.06    0.84
0.39    0.11    0.71    0.31    1.06    0.92
0.39    0.11    0.71    0.31    1.06    1.00
0.39    0.11    0.71    0.31    1.06    1.08
0.39    0.11    0.71    0.38    0.79    0.68
0.39    0.11    0.71    0.38    0.79    0.76
0.39    0.11    0.71    0.38    0.79    0.84
0.39    0.11    0.71    0.38    0.79    0.92
0.39    0.11    0.71    0.38    0.79    1.00
0.39    0.11    0.71    0.38    0.79    1.08
0.39    0.11    0.71    0.38    0.88    0.68
0.39    0.11    0.71    0.38    0.88    0.76
0.39    0.11    0.71    0.38    0.88    0.84
0.39    0.11    0.71    0.38    0.88    0.92
0.39    0.11    0.71    0.38    0.88    1.00
0.39    0.11    0.71    0.38    0.88    1.08
0.39    0.11    0.71    0.38    0.97    0.68
0.39    0.11    0.71    0.38    0.97    0.76
0.39    0.11    0.71    0.38    0.97    0.84
0.39    0.11    0.71    0.38    0.97    0.92
0.39    0.11    0.71    0.38    0.97    1.00
0.39    0.11    0.71    0.38    0.97    1.08
0.39    0.11    0.71    0.38    1.06    0.68
0.39    0.11    0.71    0.38    1.06    0.76
0.39    0.11    0.71    0.38    1.06    0.84
0.39    0.11    0.71    0.38    1.06    0.92
0.39    0.11    0.71    0.38    1.06    1.00
0.39    0.11    0.71    0.38    1.06    1.08
0.39    0.11    0.71    0.45    0.79    0.68
0.39    0.11    0.71    0.45    0.79    0.76
0.39    0.11    0.71    0.45    0.79    0.84
0.39    0.11    0.71    0.45    0.79    0.92
0.39    0.11    0.71    0.45    0.79    1.00
0.39    0.11    0.71    0.45    0.79    1.08
0.39    0.11    0.71    0.45    0.88    0.68
0.39    0.11    0.71    0.45    0.88    0.76
0.39    0.11    0.71    0.45    0.88    0.84
0.39    0.11    0.71    0.45    0.88    0.92
0.39    0.11    0.71    0.45    0.88    1.00
0.39    0.11    0.71    0.45    0.88    1.08
0.39    0.11    0.71    0.45    0.97    0.68
0.39    0.11    0.71    0.45    0.97    0.76
0.39    0.11    0.71    0.45    0.97    0.84
0.39    0.11    0.71    0.45    0.97    0.92
0.39    0.11    0.71    0.45    0.97    1.00
0.39    0.11    0.71    0.45    0.97    1.08
0.39    0.11    0.71    0.45    1.06    0.68
0.39    0.11    0.71    0.45    1.06    0.76
0.39    0.11    0.71    0.45    1.06    0.84
0.39    0.11    0.71    0.45    1.06    0.92
0.39    0.11    0.71    0.45    1.06    1.00
0.39    0.11    0.71    0.45    1.06    1.08
0.39    0.11    0.71    0.52    0.79    0.68
0.39    0.11    0.71    0.52    0.79    0.76
0.39    0.11    0.71    0.52    0.79    0.84
0.39    0.11    0.71    0.52    0.79    0.92
0.39    0.11    0.71    0.52    0.79    1.00
0.39    0.11    0.71    0.52    0.79    1.08
0.39    0.11    0.71    0.52    0.88    0.68
0.39    0.11    0.71    0.52    0.88    0.76
0.39    0.11    0.71    0.52    0.88    0.84
0.39    0.11    0.71    0.52    0.88    0.92
0.39    0.11    0.71    0.52    0.88    1.00
0.39    0.11    0.71    0.52    0.88    1.08
0.39    0.11    0.71    0.52    0.97    0.68
0.39    0.11    0.71    0.52    0.97    0.76
0.39    0.11    0.71    0.52    0.97    0.84
0.39    0.11    0.71    0.52    0.97    0.92
0.39    0.11    0.71    0.52    0.97    1.00
0.39    0.11    0.71    0.52    0.97    1.08
0.39    0.11    0.71    0.52    1.06    0.68
0.39    0.11    0.71    0.52    1.06    0.76
0.39    0.11    0.71    0.52    1.06    0.84
0.39    0.11    0.71    0.52    1.06    0.92
0.39    0.11    0.71    0.52    1.06    1.00
0.39    0.11    0.71    0.52    1.06    1.08
0.39    0.11    0.82    0.17    0.79    0.68
0.39    0.11    0.82    0.17    0.79    0.76
0.39    0.11    0.82    0.17    0.79    0.84
0.39    0.11    0.82    0.17    0.79    0.92
0.39    0.11    0.82    0.17    0.79    1.00
0.39    0.11    0.82    0.17    0.79    1.08
0.39    0.11    0.82    0.17    0.88    0.68
0.39    0.11    0.82    0.17    0.88    0.76
0.39    0.11    0.82    0.17    0.88    0.84
0.39    0.11    0.82    0.17    0.88    0.92
0.39    0.11    0.82    0.17    0.88    1.00
0.39    0.11    0.82    0.17    0.88    1.08
0.39    0.11    0.82    0.17    0.97    0.68
0.39    0.11    0.82    0.17    0.97    0.76
0.39    0.11    0.82    0.17    0.97    0.84
0.39    0.11    0.82    0.17    0.97    0.92
0.39    0.11    0.82    0.17    0.97    1.00
0.39    0.11    0.82    0.17    0.97    1.08
0.39    0.11    0.82    0.17    1.06    0.68
0.39    0.11    0.82    0.17    1.06    0.76
0.39    0.11    0.82    0.17    1.06    0.84
0.39    0.11    0.82    0.17    1.06    0.92
0.39    0.11    0.82    0.17    1.06    1.00
0.39    0.11    0.82    0.17    1.06    1.08
0.39    0.11    0.82    0.24    0.79    0.68
0.39    0.11    0.82    0.24    0.79    0.76
0.39    0.11    0.82    0.24    0.79    0.84
0.39    0.11    0.82    0.24    0.79    0.92
0.39    0.11    0.82    0.24    0.79    1.00
0.39    0.11    0.82    0.24    0.79    1.08
0.39    0.11    0.82    0.24    0.88    0.68
0.39    0.11    0.82    0.24    0.88    0.76
0.39    0.11    0.82    0.24    0.88    0.84
0.39    0.11    0.82    0.24    0.88    0.92
0.39    0.11    0.82    0.24    0.88    1.00
0.39    0.11    0.82    0.24    0.88    1.08
0.39    0.11    0.82    0.24    0.97    0.68
0.39    0.11    0.82    0.24    0.97    0.76
0.39    0.11    0.82    0.24    0.97    0.84
0.39    0.11    0.82    0.24    0.97    0.92
0.39    0.11    0.82    0.24    0.97    1.00
0.39    0.11    0.82    0.24    0.97    1.08
0.39    0.11    0.82    0.24    1.06    0.68
0.39    0.11    0.82    0.24    1.06    0.76
0.39    0.11    0.82    0.24    1.06    0.84
0.39    0.11    0.82    0.24    1.06    0.92
0.39    0.11    0.82    0.24    1.06    1.00
0.39    0.11    0.82    0.24    1.06    1.08
0.39    0.11    0.82    0.31    0.79    0.68
0.39    0.11    0.82    0.31    0.79    0.76
0.39    0.11    0.82    0.31    0.79    0.84
0.39    0.11    0.82    0.31    0.79    0.92
0.39    0.11    0.82    0.31    0.79    1.00
0.39    0.11    0.82    0.31    0.79    1.08
0.39    0.11    0.82    0.31    0.88    0.68
0.39    0.11    0.82    0.31    0.88    0.76
0.39    0.11    0.82    0.31    0.88    0.84
0.39    0.11    0.82    0.31    0.88    0.92
0.39    0.11    0.82    0.31    0.88    1.00
0.39    0.11    0.82    0.31    0.88    1.08
0.39    0.11    0.82    0.31    0.97    0.68
0.39    0.11    0.82    0.31    0.97    0.76
0.39    0.11    0.82    0.31    0.97    0.84
0.39    0.11    0.82    0.31    0.97    0.92
0.39    0.11    0.82    0.31    0.97    1.00
0.39    0.11    0.82    0.31    0.97    1.08
0.39    0.11    0.82    0.31    1.06    0.68
0.39    0.11    0.82    0.31    1.06    0.76
0.39    0.11    0.82    0.31    1.06    0.84
0.39    0.11    0.82    0.31    1.06    0.92
0.39    0.11    0.82    0.31    1.06    1.00
0.39    0.11    0.82    0.31    1.06    1.08
0.39    0.11    0.82    0.38    0.79    0.68
0.39    0.11    0.82    0.38    0.79    0.76
0.39    0.11    0.82    0.38    0.79    0.84
0.39    0.11    0.82    0.38    0.79    0.92
0.39    0.11    0.82    0.38    0.79    1.00
0.39    0.11    0.82    0.38    0.79    1.08
0.39    0.11    0.82    0.38    0.88    0.68
0.39    0.11    0.82    0.38    0.88    0.76
0.39    0.11    0.82    0.38    0.88    0.84
0.39    0.11    0.82    0.38    0.88    0.92
0.39    0.11    0.82    0.38    0.88    1.00
0.39    0.11    0.82    0.38    0.88    1.08
0.39    0.11    0.82    0.38    0.97    0.68
0.39    0.11    0.82    0.38    0.97    0.76
0.39    0.11    0.82    0.38    0.97    0.84
0.39    0.11    0.82    0.38    0.97    0.92
0.39    0.11    0.82    0.38    0.97    1.00
0.39    0.11    0.82    0.38    0.97    1.08
0.39    0.11    0.82    0.38    1.06    0.68
0.39    0.11    0.82    0.38    1.06    0.76
0.39    0.11    0.82    0.38    1.06    0.84
0.39    0.11    0.82    0.38    1.06    0.92
0.39    0.11    0.82    0.38    1.06    1.00
0.39    0.11    0.82    0.38    1.06    1.08
0.39    0.11    0.82    0.45    0.79    0.68
0.39    0.11    0.82    0.45    0.79    0.76
0.39    0.11    0.82    0.45    0.79    0.84
0.39    0.11    0.82    0.45    0.79    0.92
0.39    0.11    0.82    0.45    0.79    1.00
0.39    0.11    0.82    0.45    0.79    1.08
0.39    0.11    0.82    0.45    0.88    0.68
0.39    0.11    0.82    0.45    0.88    0.76
0.39    0.11    0.82    0.45    0.88    0.84
0.39    0.11    0.82    0.45    0.88    0.92
0.39    0.11    0.82    0.45    0.88    1.00
0.39    0.11    0.82    0.45    0.88    1.08
0.39    0.11    0.82    0.45    0.97    0.68
0.39    0.11    0.82    0.45    0.97    0.76
0.39    0.11    0.82    0.45    0.97    0.84
0.39    0.11    0.82    0.45    0.97    0.92
0.39    0.11    0.82    0.45    0.97    1.00
0.39    0.11    0.82    0.45    0.97    1.08
0.39    0.11    0.82    0.45    1.06    0.68
0.39    0.11    0.82    0.45    1.06    0.76
0.39    0.11    0.82    0.45    1.06    0.84
0.39    0.11    0.82    0.45    1.06    0.92
0.39    0.11    0.82    0.45    1.06    1.00
0.39    0.11    0.82    0.45    1.06    1.08
0.39    0.11    0.82    0.52    0.79    0.68
0.39    0.11    0.82    0.52    0.79    0.76
0.39    0.11    0.82    0.52    0.79    0.84
0.39    0.11    0.82    0.52    0.79    0.92
0.39    0.11    0.82    0.52    0.79    1.00
0.39    0.11    0.82    0.52    0.79    1.08
0.39    0.11    0.82    0.52    0.88    0.68
0.39    0.11    0.82    0.52    0.88    0.76
0.39    0.11    0.82    0.52    0.88    0.84
0.39    0.11    0.82    0.52    0.88    0.92
0.39    0.11    0.82    0.52    0.88    1.00
0.39    0.11    0.82    0.52    0.88    1.08
0.39    0.11    0.82    0.52    0.97    0.68
0.39    0.11    0.82    0.52    0.97    0.76
0.39    0.11    0.82    0.52    0.97    0.84
0.39    0.11    0.82    0.52    0.97    0.92
0.39    0.11    0.82    0.52    0.97    1.00
0.39    0.11    0.82    0.52    0.97    1.08
0.39    0.11    0.82    0.52    1.06    0.68
0.39    0.11    0.82    0.52    1.06    0.76
0.39    0.11    0.82    0.52    1.06    0.84
0.39    0.11    0.82    0.52    1.06    0.92
0.39    0.11    0.82    0.52    1.06    1.00
0.39    0.11    0.82    0.52    1.06    1.08
0.39    0.11    0.93    0.17    0.79    0.68
0.39    0.11    0.93    0.17    0.79    0.76
0.39    0.11    0.93    0.17    0.79    0.84
0.39    0.11    0.93    0.17    0.79    0.92
0.39    0.11    0.93    0.17    0.79    1.00
0.39    0.11    0.93    0.17    0.79    1.08
0.39    0.11    0.93    0.17    0.88    0.68
0.39    0.11    0.93    0.17    0.88    0.76
0.39    0.11    0.93    0.17    0.88    0.84
0.39    0.11    0.93    0.17    0.88    0.92
0.39    0.11    0.93    0.17    0.88    1.00
0.39    0.11    0.93    0.17    0.88    1.08
0.39    0.11    0.93    0.17    0.97    0.68
0.39    0.11    0.93    0.17    0.97    0.76
0.39    0.11    0.93    0.17    0.97    0.84
0.39    0.11    0.93    0.17    0.97    0.92
0.39    0.11    0.93    0.17    0.97    1.00
0.39    0.11    0.93    0.17    0.97    1.08
0.39    0.11    0.93    0.17    1.06    0.68
0.39    0.11    0.93    0.17    1.06    0.76
0.39    0.11    0.93    0.17    1.06    0.84
0.39    0.11    0.93    0.17    1.06    0.92
0.39    0.11    0.93    0.17    1.06    1.00
0.39    0.11    0.93    0.17    1.06    1.08
0.39    0.11    0.93    0.24    0.79    0.68
0.39    0.11    0.93    0.24    0.79    0.76
0.39    0.11    0.93    0.24    0.79    0.84
0.39    0.11    0.93    0.24    0.79    0.92
0.39    0.11    0.93    0.24    0.79    1.00
0.39    0.11    0.93    0.24    0.79    1.08
0.39    0.11    0.93    0.24    0.88    0.68
0.39    0.11    0.93    0.24    0.88    0.76
0.39    0.11    0.93    0.24    0.88    0.84
0.39    0.11    0.93    0.24    0.88    0.92
0.39    0.11    0.93    0.24    0.88    1.00
0.39    0.11    0.93    0.24    0.88    1.08
0.39    0.11    0.93    0.24    0.97    0.68
0.39    0.11    0.93    0.24    0.97    0.76
0.39    0.11    0.93    0.24    0.97    0.84
0.39    0.11    0.93    0.24    0.97    0.92
0.39    0.11    0.93    0.24    0.97    1.00
0.39    0.11    0.93    0.24    0.97    1.08
0.39    0.11    0.93    0.24    1.06    0.68
0.39    0.11    0.93    0.24    1.06    0.76
0.39    0.11    0.93    0.24    1.06    0.84
0.39    0.11    0.93    0.24    1.06    0.92
0.39    0.11    0.93    0.24    1.06    1.00
0.39    0.11    0.93    0.24    1.06    1.08
0.39    0.11    0.93    0.31    0.79    0.68
0.39    0.11    0.93    0.31    0.79    0.76
0.39    0.11    0.93    0.31    0.79    0.84
0.39    0.11    0.93    0.31    0.79    0.92
0.39    0.11    0.93    0.31    0.79    1.00
0.39    0.11    0.93    0.31    0.79    1.08
0.39    0.11    0.93    0.31    0.88    0.68
0.39    0.11    0.93    0.31    0.88    0.76
0.39    0.11    0.93    0.31    0.88    0.84
0.39    0.11    0.93    0.31    0.88    0.92
0.39    0.11    0.93    0.31    0.88    1.00
0.39    0.11    0.93    0.31    0.88    1.08
0.39    0.11    0.93    0.31    0.97    0.68
0.39    0.11    0.93    0.31    0.97    0.76
0.39    0.11    0.93    0.31    0.97    0.84
0.39    0.11    0.93    0.31    0.97    0.92
0.39    0.11    0.93    0.31    0.97    1.00
0.39    0.11    0.93    0.31    0.97    1.08
0.39    0.11    0.93    0.31    1.06    0.68
0.39    0.11    0.93    0.31    1.06    0.76
0.39    0.11    0.93    0.31    1.06    0.84
0.39    0.11    0.93    0.31    1.06    0.92
0.39    0.11    0.93    0.31    1.06    1.00
0.39    0.11    0.93    0.31    1.06    1.08
0.39    0.11    0.93    0.38    0.79    0.68
0.39    0.11    0.93    0.38    0.79    0.76
0.39    0.11    0.93    0.38    0.79    0.84
0.39    0.11    0.93    0.38    0.79    0.92
0.39    0.11    0.93    0.38    0.79    1.00
0.39    0.11    0.93    0.38    0.79    1.08
0.39    0.11    0.93    0.38    0.88    0.68
0.39    0.11    0.93    0.38    0.88    0.76
0.39    0.11    0.93    0.38    0.88    0.84
0.39    0.11    0.93    0.38    0.88    0.92
0.39    0.11    0.93    0.38    0.88    1.00
0.39    0.11    0.93    0.38    0.88    1.08
0.39    0.11    0.93    0.38    0.97    0.68
0.39    0.11    0.93    0.38    0.97    0.76
0.39    0.11    0.93    0.38    0.97    0.84
0.39    0.11    0.93    0.38    0.97    0.92
0.39    0.11    0.93    0.38    0.97    1.00
0.39    0.11    0.93    0.38    0.97    1.08
0.39    0.11    0.93    0.38    1.06    0.68
0.39    0.11    0.93    0.38    1.06    0.76
0.39    0.11    0.93    0.38    1.06    0.84
0.39    0.11    0.93    0.38    1.06    0.92
0.39    0.11    0.93    0.38    1.06    1.00
0.39    0.11    0.93    0.38    1.06    1.08
0.39    0.11    0.93    0.45    0.79    0.68
0.39    0.11    0.93    0.45    0.79    0.76
0.39    0.11    0.93    0.45    0.79    0.84
0.39    0.11    0.93    0.45    0.79    0.92
0.39    0.11    0.93    0.45    0.79    1.00
0.39    0.11    0.93    0.45    0.79    1.08
0.39    0.11    0.93    0.45    0.88    0.68
0.39    0.11    0.93    0.45    0.88    0.76
0.39    0.11    0.93    0.45    0.88    0.84
0.39    0.11    0.93    0.45    0.88    0.92
0.39    0.11    0.93    0.45    0.88    1.00
0.39    0.11    0.93    0.45    0.88    1.08
0.39    0.11    0.93    0.45    0.97    0.68
0.39    0.11    0.93    0.45    0.97    0.76
0.39    0.11    0.93    0.45    0.97    0.84
0.39    0.11    0.93    0.45    0.97    0.92
0.39    0.11    0.93    0.45    0.97    1.00
0.39    0.11    0.93    0.45    0.97    1.08
0.39    0.11    0.93    0.45    1.06    0.68
0.39    0.11    0.93    0.45    1.06    0.76
0.39    0.11    0.93    0.45    1.06    0.84
0.39    0.11    0.93    0.45    1.06    0.92
0.39    0.11    0.93    0.45    1.06    1.00
0.39    0.11    0.93    0.45    1.06    1.08
0.39    0.11    0.93    0.52    0.79    0.68
0.39    0.11    0.93    0.52    0.79    0.76
0.39    0.11    0.93    0.52    0.79    0.84
0.39    0.11    0.93    0.52    0.79    0.92
0.39    0.11    0.93    0.52    0.79    1.00
0.39    0.11    0.93    0.52    0.79    1.08
0.39    0.11    0.93    0.52    0.88    0.68
0.39    0.11    0.93    0.52    0.88    0.76
0.39    0.11    0.93    0.52    0.88    0.84
0.39    0.11    0.93    0.52    0.88    0.92
0.39    0.11    0.93    0.52    0.88    1.00
0.39    0.11    0.93    0.52    0.88    1.08
0.39    0.11    0.93    0.52    0.97    0.68
0.39    0.11    0.93    0.52    0.97    0.76
0.39    0.11    0.93    0.52    0.97    0.84
0.39    0.11    0.93    0.52    0.97    0.92
0.39    0.11    0.93    0.52    0.97    1.00
0.39    0.11    0.93    0.52    0.97    1.08
0.39    0.11    0.93    0.52    1.06    0.68
0.39    0.11    0.93    0.52    1.06    0.76
0.39    0.11    0.93    0.52    1.06    0.84
0.39    0.11    0.93    0.52    1.06    0.92
0.39    0.11    0.93    0.52    1.06    1.00
0.39    0.11    0.93    0.52    1.06    1.08
0.39    0.22    0.71    0.17    0.79    0.68
0.39    0.22    0.71    0.17    0.79    0.76
0.39    0.22    0.71    0.17    0.79    0.84
0.39    0.22    0.71    0.17    0.79    0.92
0.39    0.22    0.71    0.17    0.79    1.00
0.39    0.22    0.71    0.17    0.79    1.08
0.39    0.22    0.71    0.17    0.88    0.68
0.39    0.22    0.71    0.17    0.88    0.76
0.39    0.22    0.71    0.17    0.88    0.84
0.39    0.22    0.71    0.17    0.88    0.92
0.39    0.22    0.71    0.17    0.88    1.00
0.39    0.22    0.71    0.17    0.88    1.08
0.39    0.22    0.71    0.17    0.97    0.68
0.39    0.22    0.71    0.17    0.97    0.76
0.39    0.22    0.71    0.17    0.97    0.84
0.39    0.22    0.71    0.17    0.97    0.92
0.39    0.22    0.71    0.17    0.97    1.00
0.39    0.22    0.71    0.17    0.97    1.08
0.39    0.22    0.71    0.17    1.06    0.68
0.39    0.22    0.71    0.17    1.06    0.76
0.39    0.22    0.71    0.17    1.06    0.84
0.39    0.22    0.71    0.17    1.06    0.92
0.39    0.22    0.71    0.17    1.06    1.00
0.39    0.22    0.71    0.17    1.06    1.08
0.39    0.22    0.71    0.24    0.79    0.68
0.39    0.22    0.71    0.24    0.79    0.76
0.39    0.22    0.71    0.24    0.79    0.84
0.39    0.22    0.71    0.24    0.79    0.92
0.39    0.22    0.71    0.24    0.79    1.00
0.39    0.22    0.71    0.24    0.79    1.08
0.39    0.22    0.71    0.24    0.88    0.68
0.39    0.22    0.71    0.24    0.88    0.76
0.39    0.22    0.71    0.24    0.88    0.84
0.39    0.22    0.71    0.24    0.88    0.92
0.39    0.22    0.71    0.24    0.88    1.00
0.39    0.22    0.71    0.24    0.88    1.08
0.39    0.22    0.71    0.24    0.97    0.68
0.39    0.22    0.71    0.24    0.97    0.76
0.39    0.22    0.71    0.24    0.97    0.84
0.39    0.22    0.71    0.24    0.97    0.92
0.39    0.22    0.71    0.24    0.97    1.00
0.39    0.22    0.71    0.24    0.97    1.08
0.39    0.22    0.71    0.24    1.06    0.68
0.39    0.22    0.71    0.24    1.06    0.76
0.39    0.22    0.71    0.24    1.06    0.84
0.39    0.22    0.71    0.24    1.06    0.92
0.39    0.22    0.71    0.24    1.06    1.00
0.39    0.22    0.71    0.24    1.06    1.08
0.39    0.22    0.71    0.31    0.79    0.68
0.39    0.22    0.71    0.31    0.79    0.76
0.39    0.22    0.71    0.31    0.79    0.84
0.39    0.22    0.71    0.31    0.79    0.92
0.39    0.22    0.71    0.31    0.79    1.00
0.39    0.22    0.71    0.31    0.79    1.08
0.39    0.22    0.71    0.31    0.88    0.68
0.39    0.22    0.71    0.31    0.88    0.76
0.39    0.22    0.71    0.31    0.88    0.84
0.39    0.22    0.71    0.31    0.88    0.92
0.39    0.22    0.71    0.31    0.88    1.00
0.39    0.22    0.71    0.31    0.88    1.08
0.39    0.22    0.71    0.31    0.97    0.68
0.39    0.22    0.71    0.31    0.97    0.76
0.39    0.22    0.71    0.31    0.97    0.84
0.39    0.22    0.71    0.31    0.97    0.92
0.39    0.22    0.71    0.31    0.97    1.00
0.39    0.22    0.71    0.31    0.97    1.08
0.39    0.22    0.71    0.31    1.06    0.68
0.39    0.22    0.71    0.31    1.06    0.76
0.39    0.22    0.71    0.31    1.06    0.84
0.39    0.22    0.71    0.31    1.06    0.92
0.39    0.22    0.71    0.31    1.06    1.00
0.39    0.22    0.71    0.31    1.06    1.08
0.39    0.22    0.71    0.38    0.79    0.68
0.39    0.22    0.71    0.38    0.79    0.76
0.39    0.22    0.71    0.38    0.79    0.84
0.39    0.22    0.71    0.38    0.79    0.92
0.39    0.22    0.71    0.38    0.79    1.00
0.39    0.22    0.71    0.38    0.79    1.08
0.39    0.22    0.71    0.38    0.88    0.68
0.39    0.22    0.71    0.38    0.88    0.76
0.39    0.22    0.71    0.38    0.88    0.84
0.39    0.22    0.71    0.38    0.88    0.92
0.39    0.22    0.71    0.38    0.88    1.00
0.39    0.22    0.71    0.38    0.88    1.08
0.39    0.22    0.71    0.38    0.97    0.68
0.39    0.22    0.71    0.38    0.97    0.76
0.39    0.22    0.71    0.38    0.97    0.84
0.39    0.22    0.71    0.38    0.97    0.92
0.39    0.22    0.71    0.38    0.97    1.00
0.39    0.22    0.71    0.38    0.97    1.08
0.39    0.22    0.71    0.38    1.06    0.68
0.39    0.22    0.71    0.38    1.06    0.76
0.39    0.22    0.71    0.38    1.06    0.84
0.39    0.22    0.71    0.38    1.06    0.92
0.39    0.22    0.71    0.38    1.06    1.00
0.39    0.22    0.71    0.38    1.06    1.08
0.39    0.22    0.71    0.45    0.79    0.68
0.39    0.22    0.71    0.45    0.79    0.76
0.39    0.22    0.71    0.45    0.79    0.84
0.39    0.22    0.71    0.45    0.79    0.92
0.39    0.22    0.71    0.45    0.79    1.00
0.39    0.22    0.71    0.45    0.79    1.08
0.39    0.22    0.71    0.45    0.88    0.68
0.39    0.22    0.71    0.45    0.88    0.76
0.39    0.22    0.71    0.45    0.88    0.84
0.39    0.22    0.71    0.45    0.88    0.92
0.39    0.22    0.71    0.45    0.88    1.00
0.39    0.22    0.71    0.45    0.88    1.08
0.39    0.22    0.71    0.45    0.97    0.68
0.39    0.22    0.71    0.45    0.97    0.76
0.39    0.22    0.71    0.45    0.97    0.84
0.39    0.22    0.71    0.45    0.97    0.92
0.39    0.22    0.71    0.45    0.97    1.00
0.39    0.22    0.71    0.45    0.97    1.08
0.39    0.22    0.71    0.45    1.06    0.68
0.39    0.22    0.71    0.45    1.06    0.76
0.39    0.22    0.71    0.45    1.06    0.84
0.39    0.22    0.71    0.45    1.06    0.92
0.39    0.22    0.71    0.45    1.06    1.00
0.39    0.22    0.71    0.45    1.06    1.08
0.39    0.22    0.71    0.52    0.79    0.68
0.39    0.22    0.71    0.52    0.79    0.76
0.39    0.22    0.71    0.52    0.79    0.84
0.39    0.22    0.71    0.52    0.79    0.92
0.39    0.22    0.71    0.52    0.79    1.00
0.39    0.22    0.71    0.52    0.79    1.08
0.39    0.22    0.71    0.52    0.88    0.68
0.39    0.22    0.71    0.52    0.88    0.76
0.39    0.22    0.71    0.52    0.88    0.84
0.39    0.22    0.71    0.52    0.88    0.92
0.39    0.22    0.71    0.52    0.88    1.00
0.39    0.22    0.71    0.52    0.88    1.08
0.39    0.22    0.71    0.52    0.97    0.68
0.39    0.22    0.71    0.52    0.97    0.76
0.39    0.22    0.71    0.52    0.97    0.84
0.39    0.22    0.71    0.52    0.97    0.92
0.39    0.22    0.71    0.52    0.97    1.00
0.39    0.22    0.71    0.52    0.97    1.08
0.39    0.22    0.71    0.52    1.06    0.68
0.39    0.22    0.71    0.52    1.06    0.76
0.39    0.22    0.71    0.52    1.06    0.84
0.39    0.22    0.71    0.52    1.06    0.92
0.39    0.22    0.71    0.52    1.06    1.00
0.39    0.22    0.71    0.52    1.06    1.08
0.39    0.22    0.82    0.17    0.79    0.68
0.39    0.22    0.82    0.17    0.79    0.76
0.39    0.22    0.82    0.17    0.79    0.84
0.39    0.22    0.82    0.17    0.79    0.92
0.39    0.22    0.82    0.17    0.79    1.00
0.39    0.22    0.82    0.17    0.79    1.08
0.39    0.22    0.82    0.17    0.88    0.68
0.39    0.22    0.82    0.17    0.88    0.76
0.39    0.22    0.82    0.17    0.88    0.84
0.39    0.22    0.82    0.17    0.88    0.92
0.39    0.22    0.82    0.17    0.88    1.00
0.39    0.22    0.82    0.17    0.88    1.08
0.39    0.22    0.82    0.17    0.97    0.68
0.39    0.22    0.82    0.17    0.97    0.76
0.39    0.22    0.82    0.17    0.97    0.84
0.39    0.22    0.82    0.17    0.97    0.92
0.39    0.22    0.82    0.17    0.97    1.00
0.39    0.22    0.82    0.17    0.97    1.08
0.39    0.22    0.82    0.17    1.06    0.68
0.39    0.22    0.82    0.17    1.06    0.76
0.39    0.22    0.82    0.17    1.06    0.84
0.39    0.22    0.82    0.17    1.06    0.92
0.39    0.22    0.82    0.17    1.06    1.00
0.39    0.22    0.82    0.17    1.06    1.08
0.39    0.22    0.82    0.24    0.79    0.68
0.39    0.22    0.82    0.24    0.79    0.76
0.39    0.22    0.82    0.24    0.79    0.84
0.39    0.22    0.82    0.24    0.79    0.92
0.39    0.22    0.82    0.24    0.79    1.00
0.39    0.22    0.82    0.24    0.79    1.08
0.39    0.22    0.82    0.24    0.88    0.68
0.39    0.22    0.82    0.24    0.88    0.76
0.39    0.22    0.82    0.24    0.88    0.84
0.39    0.22    0.82    0.24    0.88    0.92
0.39    0.22    0.82    0.24    0.88    1.00
0.39    0.22    0.82    0.24    0.88    1.08
0.39    0.22    0.82    0.24    0.97    0.68
0.39    0.22    0.82    0.24    0.97    0.76
0.39    0.22    0.82    0.24    0.97    0.84
0.39    0.22    0.82    0.24    0.97    0.92
0.39    0.22    0.82    0.24    0.97    1.00
0.39    0.22    0.82    0.24    0.97    1.08
0.39    0.22    0.82    0.24    1.06    0.68
0.39    0.22    0.82    0.24    1.06    0.76
0.39    0.22    0.82    0.24    1.06    0.84
0.39    0.22    0.82    0.24    1.06    0.92
0.39    0.22    0.82    0.24    1.06    1.00
0.39    0.22    0.82    0.24    1.06    1.08
0.39    0.22    0.82    0.31    0.79    0.68
0.39    0.22    0.82    0.31    0.79    0.76
0.39    0.22    0.82    0.31    0.79    0.84
0.39    0.22    0.82    0.31    0.79    0.92
0.39    0.22    0.82    0.31    0.79    1.00
0.39    0.22    0.82    0.31    0.79    1.08
0.39    0.22    0.82    0.31    0.88    0.68
0.39    0.22    0.82    0.31    0.88    0.76
0.39    0.22    0.82    0.31    0.88    0.84
0.39    0.22    0.82    0.31    0.88    0.92
0.39    0.22    0.82    0.31    0.88    1.00
0.39    0.22    0.82    0.31    0.88    1.08
0.39    0.22    0.82    0.31    0.97    0.68
0.39    0.22    0.82    0.31    0.97    0.76
0.39    0.22    0.82    0.31    0.97    0.84
0.39    0.22    0.82    0.31    0.97    0.92
0.39    0.22    0.82    0.31    0.97    1.00
0.39    0.22    0.82    0.31    0.97    1.08
0.39    0.22    0.82    0.31    1.06    0.68
0.39    0.22    0.82    0.31    1.06    0.76
0.39    0.22    0.82    0.31    1.06    0.84
0.39    0.22    0.82    0.31    1.06    0.92
0.39    0.22    0.82    0.31    1.06    1.00
0.39    0.22    0.82    0.31    1.06    1.08
0.39    0.22    0.82    0.38    0.79    0.68
0.39    0.22    0.82    0.38    0.79    0.76
0.39    0.22    0.82    0.38    0.79    0.84
0.39    0.22    0.82    0.38    0.79    0.92
0.39    0.22    0.82    0.38    0.79    1.00
0.39    0.22    0.82    0.38    0.79    1.08
0.39    0.22    0.82    0.38    0.88    0.68
0.39    0.22    0.82    0.38    0.88    0.76
0.39    0.22    0.82    0.38    0.88    0.84
0.39    0.22    0.82    0.38    0.88    0.92
0.39    0.22    0.82    0.38    0.88    1.00
0.39    0.22    0.82    0.38    0.88    1.08
0.39    0.22    0.82    0.38    0.97    0.68
0.39    0.22    0.82    0.38    0.97    0.76
0.39    0.22    0.82    0.38    0.97    0.84
0.39    0.22    0.82    0.38    0.97    0.92
0.39    0.22    0.82    0.38    0.97    1.00
0.39    0.22    0.82    0.38    0.97    1.08
0.39    0.22    0.82    0.38    1.06    0.68
0.39    0.22    0.82    0.38    1.06    0.76
0.39    0.22    0.82    0.38    1.06    0.84
0.39    0.22    0.82    0.38    1.06    0.92
0.39    0.22    0.82    0.38    1.06    1.00
0.39    0.22    0.82    0.38    1.06    1.08
0.39    0.22    0.82    0.45    0.79    0.68
0.39    0.22    0.82    0.45    0.79    0.76
0.39    0.22    0.82    0.45    0.79    0.84
0.39    0.22    0.82    0.45    0.79    0.92
0.39    0.22    0.82    0.45    0.79    1.00
0.39    0.22    0.82    0.45    0.79    1.08
0.39    0.22    0.82    0.45    0.88    0.68
0.39    0.22    0.82    0.45    0.88    0.76
0.39    0.22    0.82    0.45    0.88    0.84
0.39    0.22    0.82    0.45    0.88    0.92
0.39    0.22    0.82    0.45    0.88    1.00
0.39    0.22    0.82    0.45    0.88    1.08
0.39    0.22    0.82    0.45    0.97    0.68
0.39    0.22    0.82    0.45    0.97    0.76
0.39    0.22    0.82    0.45    0.97    0.84
0.39    0.22    0.82    0.45    0.97    0.92
0.39    0.22    0.82    0.45    0.97    1.00
0.39    0.22    0.82    0.45    0.97    1.08
0.39    0.22    0.82    0.45    1.06    0.68
0.39    0.22    0.82    0.45    1.06    0.76
0.39    0.22    0.82    0.45    1.06    0.84
0.39    0.22    0.82    0.45    1.06    0.92
0.39    0.22    0.82    0.45    1.06    1.00
0.39    0.22    0.82    0.45    1.06    1.08
0.39    0.22    0.82    0.52    0.79    0.68
0.39    0.22    0.82    0.52    0.79    0.76
0.39    0.22    0.82    0.52    0.79    0.84
0.39    0.22    0.82    0.52    0.79    0.92
0.39    0.22    0.82    0.52    0.79    1.00
0.39    0.22    0.82    0.52    0.79    1.08
0.39    0.22    0.82    0.52    0.88    0.68
0.39    0.22    0.82    0.52    0.88    0.76
0.39    0.22    0.82    0.52    0.88    0.84
0.39    0.22    0.82    0.52    0.88    0.92
0.39    0.22    0.82    0.52    0.88    1.00
0.39    0.22    0.82    0.52    0.88    1.08
0.39    0.22    0.82    0.52    0.97    0.68
0.39    0.22    0.82    0.52    0.97    0.76
0.39    0.22    0.82    0.52    0.97    0.84
0.39    0.22    0.82    0.52    0.97    0.92
0.39    0.22    0.82    0.52    0.97    1.00
0.39    0.22    0.82    0.52    0.97    1.08
0.39    0.22    0.82    0.52    1.06    0.68
0.39    0.22    0.82    0.52    1.06    0.76
0.39    0.22    0.82    0.52    1.06    0.84
0.39    0.22    0.82    0.52    1.06    0.92
0.39    0.22    0.82    0.52    1.06    1.00
0.39    0.22    0.82    0.52    1.06    1.08
0.39    0.22    0.93    0.17    0.79    0.68
0.39    0.22    0.93    0.17    0.79    0.76
0.39    0.22    0.93    0.17    0.79    0.84
0.39    0.22    0.93    0.17    0.79    0.92
0.39    0.22    0.93    0.17    0.79    1.00
0.39    0.22    0.93    0.17    0.79    1.08
0.39    0.22    0.93    0.17    0.88    0.68
0.39    0.22    0.93    0.17    0.88    0.76
0.39    0.22    0.93    0.17    0.88    0.84
0.39    0.22    0.93    0.17    0.88    0.92
0.39    0.22    0.93    0.17    0.88    1.00
0.39    0.22    0.93    0.17    0.88    1.08
0.39    0.22    0.93    0.17    0.97    0.68
0.39    0.22    0.93    0.17    0.97    0.76
0.39    0.22    0.93    0.17    0.97    0.84
0.39    0.22    0.93    0.17    0.97    0.92
0.39    0.22    0.93    0.17    0.97    1.00
0.39    0.22    0.93    0.17    0.97    1.08
0.39    0.22    0.93    0.17    1.06    0.68
0.39    0.22    0.93    0.17    1.06    0.76
0.39    0.22    0.93    0.17    1.06    0.84
0.39    0.22    0.93    0.17    1.06    0.92
0.39    0.22    0.93    0.17    1.06    1.00
0.39    0.22    0.93    0.17    1.06    1.08
0.39    0.22    0.93    0.24    0.79    0.68
0.39    0.22    0.93    0.24    0.79    0.76
0.39    0.22    0.93    0.24    0.79    0.84
0.39    0.22    0.93    0.24    0.79    0.92
0.39    0.22    0.93    0.24    0.79    1.00
0.39    0.22    0.93    0.24    0.79    1.08
0.39    0.22    0.93    0.24    0.88    0.68
0.39    0.22    0.93    0.24    0.88    0.76
0.39    0.22    0.93    0.24    0.88    0.84
0.39    0.22    0.93    0.24    0.88    0.92
0.39    0.22    0.93    0.24    0.88    1.00
0.39    0.22    0.93    0.24    0.88    1.08
0.39    0.22    0.93    0.24    0.97    0.68
0.39    0.22    0.93    0.24    0.97    0.76
0.39    0.22    0.93    0.24    0.97    0.84
0.39    0.22    0.93    0.24    0.97    0.92
0.39    0.22    0.93    0.24    0.97    1.00
0.39    0.22    0.93    0.24    0.97    1.08
0.39    0.22    0.93    0.24    1.06    0.68
0.39    0.22    0.93    0.24    1.06    0.76
0.39    0.22    0.93    0.24    1.06    0.84
0.39    0.22    0.93    0.24    1.06    0.92
0.39    0.22    0.93    0.24    1.06    1.00
0.39    0.22    0.93    0.24    1.06    1.08
0.39    0.22    0.93    0.31    0.79    0.68
0.39    0.22    0.93    0.31    0.79    0.76
0.39    0.22    0.93    0.31    0.79    0.84
0.39    0.22    0.93    0.31    0.79    0.92
0.39    0.22    0.93    0.31    0.79    1.00
0.39    0.22    0.93    0.31    0.79    1.08
0.39    0.22    0.93    0.31    0.88    0.68
0.39    0.22    0.93    0.31    0.88    0.76
0.39    0.22    0.93    0.31    0.88    0.84
0.39    0.22    0.93    0.31    0.88    0.92
0.39    0.22    0.93    0.31    0.88    1.00
0.39    0.22    0.93    0.31    0.88    1.08
0.39    0.22    0.93    0.31    0.97    0.68
0.39    0.22    0.93    0.31    0.97    0.76
0.39    0.22    0.93    0.31    0.97    0.84
0.39    0.22    0.93    0.31    0.97    0.92
0.39    0.22    0.93    0.31    0.97    1.00
0.39    0.22    0.93    0.31    0.97    1.08
0.39    0.22    0.93    0.31    1.06    0.68
0.39    0.22    0.93    0.31    1.06    0.76
0.39    0.22    0.93    0.31    1.06    0.84
0.39    0.22    0.93    0.31    1.06    0.92
0.39    0.22    0.93    0.31    1.06    1.00
0.39    0.22    0.93    0.31    1.06    1.08
0.39    0.22    0.93    0.38    0.79    0.68
0.39    0.22    0.93    0.38    0.79    0.76
0.39    0.22    0.93    0.38    0.79    0.84
0.39    0.22    0.93    0.38    0.79    0.92
0.39    0.22    0.93    0.38    0.79    1.00
0.39    0.22    0.93    0.38    0.79    1.08
0.39    0.22    0.93    0.38    0.88    0.68
0.39    0.22    0.93    0.38    0.88    0.76
0.39    0.22    0.93    0.38    0.88    0.84
0.39    0.22    0.93    0.38    0.88    0.92
0.39    0.22    0.93    0.38    0.88    1.00
0.39    0.22    0.93    0.38    0.88    1.08
0.39    0.22    0.93    0.38    0.97    0.68
0.39    0.22    0.93    0.38    0.97    0.76
0.39    0.22    0.93    0.38    0.97    0.84
0.39    0.22    0.93    0.38    0.97    0.92
0.39    0.22    0.93    0.38    0.97    1.00
0.39    0.22    0.93    0.38    0.97    1.08
0.39    0.22    0.93    0.38    1.06    0.68
0.39    0.22    0.93    0.38    1.06    0.76
0.39    0.22    0.93    0.38    1.06    0.84
0.39    0.22    0.93    0.38    1.06    0.92
0.39    0.22    0.93    0.38    1.06    1.00
0.39    0.22    0.93    0.38    1.06    1.08
0.39    0.22    0.93    0.45    0.79    0.68
0.39    0.22    0.93    0.45    0.79    0.76
0.39    0.22    0.93    0.45    0.79    0.84
0.39    0.22    0.93    0.45    0.79    0.92
0.39    0.22    0.93    0.45    0.79    1.00
0.39    0.22    0.93    0.45    0.79    1.08
0.39    0.22    0.93    0.45    0.88    0.68
0.39    0.22    0.93    0.45    0.88    0.76
0.39    0.22    0.93    0.45    0.88    0.84
0.39    0.22    0.93    0.45    0.88    0.92
0.39    0.22    0.93    0.45    0.88    1.00
0.39    0.22    0.93    0.45    0.88    1.08
0.39    0.22    0.93    0.45    0.97    0.68
0.39    0.22    0.93    0.45    0.97    0.76
0.39    0.22    0.93    0.45    0.97    0.84
0.39    0.22    0.93    0.45    0.97    0.92
0.39    0.22    0.93    0.45    0.97    1.00
0.39    0.22    0.93    0.45    0.97    1.08
0.39    0.22    0.93    0.45    1.06    0.68
0.39    0.22    0.93    0.45    1.06    0.76
0.39    0.22    0.93    0.45    1.06    0.84
0.39    0.22    0.93    0.45    1.06    0.92
0.39    0.22    0.93    0.45    1.06    1.00
0.39    0.22    0.93    0.45    1.06    1.08
0.39    0.22    0.93    0.52    0.79    0.68
0.39    0.22    0.93    0.52    0.79    0.76
0.39    0.22    0.93    0.52    0.79    0.84
0.39    0.22    0.93    0.52    0.79    0.92
0.39    0.22    0.93    0.52    0.79    1.00
0.39    0.22    0.93    0.52    0.79    1.08
0.39    0.22    0.93    0.52    0.88    0.68
0.39    0.22    0.93    0.52    0.88    0.76
0.39    0.22    0.93    0.52    0.88    0.84
0.39    0.22    0.93    0.52    0.88    0.92
0.39    0.22    0.93    0.52    0.88    1.00
0.39    0.22    0.93    0.52    0.88    1.08
0.39    0.22    0.93    0.52    0.97    0.68
0.39    0.22    0.93    0.52    0.97    0.76
0.39    0.22    0.93    0.52    0.97    0.84
0.39    0.22    0.93    0.52    0.97    0.92
0.39    0.22    0.93    0.52    0.97    1.00
0.39    0.22    0.93    0.52    0.97    1.08
0.39    0.22    0.93    0.52    1.06    0.68
0.39    0.22    0.93    0.52    1.06    0.76
0.39    0.22    0.93    0.52    1.06    0.84
0.39    0.22    0.93    0.52    1.06    0.92
0.39    0.22    0.93    0.52    1.06    1.00
0.39    0.22    0.93    0.52    1.06    1.08
0.47    0.11    0.71    0.17    0.79    0.68
0.47    0.11    0.71    0.17    0.79    0.76
0.47    0.11    0.71    0.17    0.79    0.84
0.47    0.11    0.71    0.17    0.79    0.92
0.47    0.11    0.71    0.17    0.79    1.00
0.47    0.11    0.71    0.17    0.79    1.08
0.47    0.11    0.71    0.17    0.88    0.68
0.47    0.11    0.71    0.17    0.88    0.76
0.47    0.11    0.71    0.17    0.88    0.84
0.47    0.11    0.71    0.17    0.88    0.92
0.47    0.11    0.71    0.17    0.88    1.00
0.47    0.11    0.71    0.17    0.88    1.08
0.47    0.11    0.71    0.17    0.97    0.68
0.47    0.11    0.71    0.17    0.97    0.76
0.47    0.11    0.71    0.17    0.97    0.84
0.47    0.11    0.71    0.17    0.97    0.92
0.47    0.11    0.71    0.17    0.97    1.00
0.47    0.11    0.71    0.17    0.97    1.08
0.47    0.11    0.71    0.17    1.06    0.68
0.47    0.11    0.71    0.17    1.06    0.76
0.47    0.11    0.71    0.17    1.06    0.84
0.47    0.11    0.71    0.17    1.06    0.92
0.47    0.11    0.71    0.17    1.06    1.00
0.47    0.11    0.71    0.17    1.06    1.08
0.47    0.11    0.71    0.24    0.79    0.68
0.47    0.11    0.71    0.24    0.79    0.76
0.47    0.11    0.71    0.24    0.79    0.84
0.47    0.11    0.71    0.24    0.79    0.92
0.47    0.11    0.71    0.24    0.79    1.00
0.47    0.11    0.71    0.24    0.79    1.08
0.47    0.11    0.71    0.24    0.88    0.68
0.47    0.11    0.71    0.24    0.88    0.76
0.47    0.11    0.71    0.24    0.88    0.84
0.47    0.11    0.71    0.24    0.88    0.92
0.47    0.11    0.71    0.24    0.88    1.00
0.47    0.11    0.71    0.24    0.88    1.08
0.47    0.11    0.71    0.24    0.97    0.68
0.47    0.11    0.71    0.24    0.97    0.76
0.47    0.11    0.71    0.24    0.97    0.84
0.47    0.11    0.71    0.24    0.97    0.92
0.47    0.11    0.71    0.24    0.97    1.00
0.47    0.11    0.71    0.24    0.97    1.08
0.47    0.11    0.71    0.24    1.06    0.68
0.47    0.11    0.71    0.24    1.06    0.76
0.47    0.11    0.71    0.24    1.06    0.84
0.47    0.11    0.71    0.24    1.06    0.92
0.47    0.11    0.71    0.24    1.06    1.00
0.47    0.11    0.71    0.24    1.06    1.08
0.47    0.11    0.71    0.31    0.79    0.68
0.47    0.11    0.71    0.31    0.79    0.76
0.47    0.11    0.71    0.31    0.79    0.84
0.47    0.11    0.71    0.31    0.79    0.92
0.47    0.11    0.71    0.31    0.79    1.00
0.47    0.11    0.71    0.31    0.79    1.08
0.47    0.11    0.71    0.31    0.88    0.68
0.47    0.11    0.71    0.31    0.88    0.76
0.47    0.11    0.71    0.31    0.88    0.84
0.47    0.11    0.71    0.31    0.88    0.92
0.47    0.11    0.71    0.31    0.88    1.00
0.47    0.11    0.71    0.31    0.88    1.08
0.47    0.11    0.71    0.31    0.97    0.68
0.47    0.11    0.71    0.31    0.97    0.76
0.47    0.11    0.71    0.31    0.97    0.84
0.47    0.11    0.71    0.31    0.97    0.92
0.47    0.11    0.71    0.31    0.97    1.00
0.47    0.11    0.71    0.31    0.97    1.08
0.47    0.11    0.71    0.31    1.06    0.68
0.47    0.11    0.71    0.31    1.06    0.76
0.47    0.11    0.71    0.31    1.06    0.84
0.47    0.11    0.71    0.31    1.06    0.92
0.47    0.11    0.71    0.31    1.06    1.00
0.47    0.11    0.71    0.31    1.06    1.08
0.47    0.11    0.71    0.38    0.79    0.68
0.47    0.11    0.71    0.38    0.79    0.76
0.47    0.11    0.71    0.38    0.79    0.84
0.47    0.11    0.71    0.38    0.79    0.92
0.47    0.11    0.71    0.38    0.79    1.00
0.47    0.11    0.71    0.38    0.79    1.08
0.47    0.11    0.71    0.38    0.88    0.68
0.47    0.11    0.71    0.38    0.88    0.76
0.47    0.11    0.71    0.38    0.88    0.84
0.47    0.11    0.71    0.38    0.88    0.92
0.47    0.11    0.71    0.38    0.88    1.00
0.47    0.11    0.71    0.38    0.88    1.08
0.47    0.11    0.71    0.38    0.97    0.68
0.47    0.11    0.71    0.38    0.97    0.76
0.47    0.11    0.71    0.38    0.97    0.84
0.47    0.11    0.71    0.38    0.97    0.92
0.47    0.11    0.71    0.38    0.97    1.00
0.47    0.11    0.71    0.38    0.97    1.08
0.47    0.11    0.71    0.38    1.06    0.68
0.47    0.11    0.71    0.38    1.06    0.76
0.47    0.11    0.71    0.38    1.06    0.84
0.47    0.11    0.71    0.38    1.06    0.92
0.47    0.11    0.71    0.38    1.06    1.00
0.47    0.11    0.71    0.38    1.06    1.08
0.47    0.11    0.71    0.45    0.79    0.68
0.47    0.11    0.71    0.45    0.79    0.76
0.47    0.11    0.71    0.45    0.79    0.84
0.47    0.11    0.71    0.45    0.79    0.92
0.47    0.11    0.71    0.45    0.79    1.00
0.47    0.11    0.71    0.45    0.79    1.08
0.47    0.11    0.71    0.45    0.88    0.68
0.47    0.11    0.71    0.45    0.88    0.76
0.47    0.11    0.71    0.45    0.88    0.84
0.47    0.11    0.71    0.45    0.88    0.92
0.47    0.11    0.71    0.45    0.88    1.00
0.47    0.11    0.71    0.45    0.88    1.08
0.47    0.11    0.71    0.45    0.97    0.68
0.47    0.11    0.71    0.45    0.97    0.76
0.47    0.11    0.71    0.45    0.97    0.84
0.47    0.11    0.71    0.45    0.97    0.92
0.47    0.11    0.71    0.45    0.97    1.00
0.47    0.11    0.71    0.45    0.97    1.08
0.47    0.11    0.71    0.45    1.06    0.68
0.47    0.11    0.71    0.45    1.06    0.76
0.47    0.11    0.71    0.45    1.06    0.84
0.47    0.11    0.71    0.45    1.06    0.92
0.47    0.11    0.71    0.45    1.06    1.00
0.47    0.11    0.71    0.45    1.06    1.08
0.47    0.11    0.71    0.52    0.79    0.68
0.47    0.11    0.71    0.52    0.79    0.76
0.47    0.11    0.71    0.52    0.79    0.84
0.47    0.11    0.71    0.52    0.79    0.92
0.47    0.11    0.71    0.52    0.79    1.00
0.47    0.11    0.71    0.52    0.79    1.08
0.47    0.11    0.71    0.52    0.88    0.68
0.47    0.11    0.71    0.52    0.88    0.76
0.47    0.11    0.71    0.52    0.88    0.84
0.47    0.11    0.71    0.52    0.88    0.92
0.47    0.11    0.71    0.52    0.88    1.00
0.47    0.11    0.71    0.52    0.88    1.08
0.47    0.11    0.71    0.52    0.97    0.68
0.47    0.11    0.71    0.52    0.97    0.76
0.47    0.11    0.71    0.52    0.97    0.84
0.47    0.11    0.71    0.52    0.97    0.92
0.47    0.11    0.71    0.52    0.97    1.00
0.47    0.11    0.71    0.52    0.97    1.08
0.47    0.11    0.71    0.52    1.06    0.68
0.47    0.11    0.71    0.52    1.06    0.76
0.47    0.11    0.71    0.52    1.06    0.84
0.47    0.11    0.71    0.52    1.06    0.92
0.47    0.11    0.71    0.52    1.06    1.00
0.47    0.11    0.71    0.52    1.06    1.08
0.47    0.11    0.82    0.17    0.79    0.68
0.47    0.11    0.82    0.17    0.79    0.76
0.47    0.11    0.82    0.17    0.79    0.84
0.47    0.11    0.82    0.17    0.79    0.92
0.47    0.11    0.82    0.17    0.79    1.00
0.47    0.11    0.82    0.17    0.79    1.08
0.47    0.11    0.82    0.17    0.88    0.68
0.47    0.11    0.82    0.17    0.88    0.76
0.47    0.11    0.82    0.17    0.88    0.84
0.47    0.11    0.82    0.17    0.88    0.92
0.47    0.11    0.82    0.17    0.88    1.00
0.47    0.11    0.82    0.17    0.88    1.08
0.47    0.11    0.82    0.17    0.97    0.68
0.47    0.11    0.82    0.17    0.97    0.76
0.47    0.11    0.82    0.17    0.97    0.84
0.47    0.11    0.82    0.17    0.97    0.92
0.47    0.11    0.82    0.17    0.97    1.00
0.47    0.11    0.82    0.17    0.97    1.08
0.47    0.11    0.82    0.17    1.06    0.68
0.47    0.11    0.82    0.17    1.06    0.76
0.47    0.11    0.82    0.17    1.06    0.84
0.47    0.11    0.82    0.17    1.06    0.92
0.47    0.11    0.82    0.17    1.06    1.00
0.47    0.11    0.82    0.17    1.06    1.08
0.47    0.11    0.82    0.24    0.79    0.68
0.47    0.11    0.82    0.24    0.79    0.76
0.47    0.11    0.82    0.24    0.79    0.84
0.47    0.11    0.82    0.24    0.79    0.92
0.47    0.11    0.82    0.24    0.79    1.00
0.47    0.11    0.82    0.24    0.79    1.08
0.47    0.11    0.82    0.24    0.88    0.68
0.47    0.11    0.82    0.24    0.88    0.76
0.47    0.11    0.82    0.24    0.88    0.84
0.47    0.11    0.82    0.24    0.88    0.92
0.47    0.11    0.82    0.24    0.88    1.00
0.47    0.11    0.82    0.24    0.88    1.08
0.47    0.11    0.82    0.24    0.97    0.68
0.47    0.11    0.82    0.24    0.97    0.76
0.47    0.11    0.82    0.24    0.97    0.84
0.47    0.11    0.82    0.24    0.97    0.92
0.47    0.11    0.82    0.24    0.97    1.00
0.47    0.11    0.82    0.24    0.97    1.08
0.47    0.11    0.82    0.24    1.06    0.68
0.47    0.11    0.82    0.24    1.06    0.76
0.47    0.11    0.82    0.24    1.06    0.84
0.47    0.11    0.82    0.24    1.06    0.92
0.47    0.11    0.82    0.24    1.06    1.00
0.47    0.11    0.82    0.24    1.06    1.08
0.47    0.11    0.82    0.31    0.79    0.68
0.47    0.11    0.82    0.31    0.79    0.76
0.47    0.11    0.82    0.31    0.79    0.84
0.47    0.11    0.82    0.31    0.79    0.92
0.47    0.11    0.82    0.31    0.79    1.00
0.47    0.11    0.82    0.31    0.79    1.08
0.47    0.11    0.82    0.31    0.88    0.68
0.47    0.11    0.82    0.31    0.88    0.76
0.47    0.11    0.82    0.31    0.88    0.84
0.47    0.11    0.82    0.31    0.88    0.92
0.47    0.11    0.82    0.31    0.88    1.00
0.47    0.11    0.82    0.31    0.88    1.08
0.47    0.11    0.82    0.31    0.97    0.68
0.47    0.11    0.82    0.31    0.97    0.76
0.47    0.11    0.82    0.31    0.97    0.84
0.47    0.11    0.82    0.31    0.97    0.92
0.47    0.11    0.82    0.31    0.97    1.00
0.47    0.11    0.82    0.31    0.97    1.08
0.47    0.11    0.82    0.31    1.06    0.68
0.47    0.11    0.82    0.31    1.06    0.76
0.47    0.11    0.82    0.31    1.06    0.84
0.47    0.11    0.82    0.31    1.06    0.92
0.47    0.11    0.82    0.31    1.06    1.00
0.47    0.11    0.82    0.31    1.06    1.08
0.47    0.11    0.82    0.38    0.79    0.68
0.47    0.11    0.82    0.38    0.79    0.76
0.47    0.11    0.82    0.38    0.79    0.84
0.47    0.11    0.82    0.38    0.79    0.92
0.47    0.11    0.82    0.38    0.79    1.00
0.47    0.11    0.82    0.38    0.79    1.08
0.47    0.11    0.82    0.38    0.88    0.68
0.47    0.11    0.82    0.38    0.88    0.76
0.47    0.11    0.82    0.38    0.88    0.84
0.47    0.11    0.82    0.38    0.88    0.92
0.47    0.11    0.82    0.38    0.88    1.00
0.47    0.11    0.82    0.38    0.88    1.08
0.47    0.11    0.82    0.38    0.97    0.68
0.47    0.11    0.82    0.38    0.97    0.76
0.47    0.11    0.82    0.38    0.97    0.84
0.47    0.11    0.82    0.38    0.97    0.92
0.47    0.11    0.82    0.38    0.97    1.00
0.47    0.11    0.82    0.38    0.97    1.08
0.47    0.11    0.82    0.38    1.06    0.68
0.47    0.11    0.82    0.38    1.06    0.76
0.47    0.11    0.82    0.38    1.06    0.84
0.47    0.11    0.82    0.38    1.06    0.92
0.47    0.11    0.82    0.38    1.06    1.00
0.47    0.11    0.82    0.38    1.06    1.08
0.47    0.11    0.82    0.45    0.79    0.68
0.47    0.11    0.82    0.45    0.79    0.76
0.47    0.11    0.82    0.45    0.79    0.84
0.47    0.11    0.82    0.45    0.79    0.92
0.47    0.11    0.82    0.45    0.79    1.00
0.47    0.11    0.82    0.45    0.79    1.08
0.47    0.11    0.82    0.45    0.88    0.68
0.47    0.11    0.82    0.45    0.88    0.76
0.47    0.11    0.82    0.45    0.88    0.84
0.47    0.11    0.82    0.45    0.88    0.92
0.47    0.11    0.82    0.45    0.88    1.00
0.47    0.11    0.82    0.45    0.88    1.08
0.47    0.11    0.82    0.45    0.97    0.68
0.47    0.11    0.82    0.45    0.97    0.76
0.47    0.11    0.82    0.45    0.97    0.84
0.47    0.11    0.82    0.45    0.97    0.92
0.47    0.11    0.82    0.45    0.97    1.00
0.47    0.11    0.82    0.45    0.97    1.08
0.47    0.11    0.82    0.45    1.06    0.68
0.47    0.11    0.82    0.45    1.06    0.76
0.47    0.11    0.82    0.45    1.06    0.84
0.47    0.11    0.82    0.45    1.06    0.92
0.47    0.11    0.82    0.45    1.06    1.00
0.47    0.11    0.82    0.45    1.06    1.08
0.47    0.11    0.82    0.52    0.79    0.68
0.47    0.11    0.82    0.52    0.79    0.76
0.47    0.11    0.82    0.52    0.79    0.84
0.47    0.11    0.82    0.52    0.79    0.92
0.47    0.11    0.82    0.52    0.79    1.00
0.47    0.11    0.82    0.52    0.79    1.08
0.47    0.11    0.82    0.52    0.88    0.68
0.47    0.11    0.82    0.52    0.88    0.76
0.47    0.11    0.82    0.52    0.88    0.84
0.47    0.11    0.82    0.52    0.88    0.92
0.47    0.11    0.82    0.52    0.88    1.00
0.47    0.11    0.82    0.52    0.88    1.08
0.47    0.11    0.82    0.52    0.97    0.68
0.47    0.11    0.82    0.52    0.97    0.76
0.47    0.11    0.82    0.52    0.97    0.84
0.47    0.11    0.82    0.52    0.97    0.92
0.47    0.11    0.82    0.52    0.97    1.00
0.47    0.11    0.82    0.52    0.97    1.08
0.47    0.11    0.82    0.52    1.06    0.68
0.47    0.11    0.82    0.52    1.06    0.76
0.47    0.11    0.82    0.52    1.06    0.84
0.47    0.11    0.82    0.52    1.06    0.92
0.47    0.11    0.82    0.52    1.06    1.00
0.47    0.11    0.82    0.52    1.06    1.08
0.47    0.11    0.93    0.17    0.79    0.68
0.47    0.11    0.93    0.17    0.79    0.76
0.47    0.11    0.93    0.17    0.79    0.84
0.47    0.11    0.93    0.17    0.79    0.92
0.47    0.11    0.93    0.17    0.79    1.00
0.47    0.11    0.93    0.17    0.79    1.08
0.47    0.11    0.93    0.17    0.88    0.68
0.47    0.11    0.93    0.17    0.88    0.76
0.47    0.11    0.93    0.17    0.88    0.84
0.47    0.11    0.93    0.17    0.88    0.92
0.47    0.11    0.93    0.17    0.88    1.00
0.47    0.11    0.93    0.17    0.88    1.08
0.47    0.11    0.93    0.17    0.97    0.68
0.47    0.11    0.93    0.17    0.97    0.76
0.47    0.11    0.93    0.17    0.97    0.84
0.47    0.11    0.93    0.17    0.97    0.92
0.47    0.11    0.93    0.17    0.97    1.00
0.47    0.11    0.93    0.17    0.97    1.08
0.47    0.11    0.93    0.17    1.06    0.68
0.47    0.11    0.93    0.17    1.06    0.76
0.47    0.11    0.93    0.17    1.06    0.84
0.47    0.11    0.93    0.17    1.06    0.92
0.47    0.11    0.93    0.17    1.06    1.00
0.47    0.11    0.93    0.17    1.06    1.08
0.47    0.11    0.93    0.24    0.79    0.68
0.47    0.11    0.93    0.24    0.79    0.76
0.47    0.11    0.93    0.24    0.79    0.84
0.47    0.11    0.93    0.24    0.79    0.92
0.47    0.11    0.93    0.24    0.79    1.00
0.47    0.11    0.93    0.24    0.79    1.08
0.47    0.11    0.93    0.24    0.88    0.68
0.47    0.11    0.93    0.24    0.88    0.76
0.47    0.11    0.93    0.24    0.88    0.84
0.47    0.11    0.93    0.24    0.88    0.92
0.47    0.11    0.93    0.24    0.88    1.00
0.47    0.11    0.93    0.24    0.88    1.08
0.47    0.11    0.93    0.24    0.97    0.68
0.47    0.11    0.93    0.24    0.97    0.76
0.47    0.11    0.93    0.24    0.97    0.84
0.47    0.11    0.93    0.24    0.97    0.92
0.47    0.11    0.93    0.24    0.97    1.00
0.47    0.11    0.93    0.24    0.97    1.08
0.47    0.11    0.93    0.24    1.06    0.68
0.47    0.11    0.93    0.24    1.06    0.76
0.47    0.11    0.93    0.24    1.06    0.84
0.47    0.11    0.93    0.24    1.06    0.92
0.47    0.11    0.93    0.24    1.06    1.00
0.47    0.11    0.93    0.24    1.06    1.08
0.47    0.11    0.93    0.31    0.79    0.68
0.47    0.11    0.93    0.31    0.79    0.76
0.47    0.11    0.93    0.31    0.79    0.84
0.47    0.11    0.93    0.31    0.79    0.92
0.47    0.11    0.93    0.31    0.79    1.00
0.47    0.11    0.93    0.31    0.79    1.08
0.47    0.11    0.93    0.31    0.88    0.68
0.47    0.11    0.93    0.31    0.88    0.76
0.47    0.11    0.93    0.31    0.88    0.84
0.47    0.11    0.93    0.31    0.88    0.92
0.47    0.11    0.93    0.31    0.88    1.00
0.47    0.11    0.93    0.31    0.88    1.08
0.47    0.11    0.93    0.31    0.97    0.68
0.47    0.11    0.93    0.31    0.97    0.76
0.47    0.11    0.93    0.31    0.97    0.84
0.47    0.11    0.93    0.31    0.97    0.92
0.47    0.11    0.93    0.31    0.97    1.00
0.47    0.11    0.93    0.31    0.97    1.08
0.47    0.11    0.93    0.31    1.06    0.68
0.47    0.11    0.93    0.31    1.06    0.76
0.47    0.11    0.93    0.31    1.06    0.84
0.47    0.11    0.93    0.31    1.06    0.92
0.47    0.11    0.93    0.31    1.06    1.00
0.47    0.11    0.93    0.31    1.06    1.08
0.47    0.11    0.93    0.38    0.79    0.68
0.47    0.11    0.93    0.38    0.79    0.76
0.47    0.11    0.93    0.38    0.79    0.84
0.47    0.11    0.93    0.38    0.79    0.92
0.47    0.11    0.93    0.38    0.79    1.00
0.47    0.11    0.93    0.38    0.79    1.08
0.47    0.11    0.93    0.38    0.88    0.68
0.47    0.11    0.93    0.38    0.88    0.76
0.47    0.11    0.93    0.38    0.88    0.84
0.47    0.11    0.93    0.38    0.88    0.92
0.47    0.11    0.93    0.38    0.88    1.00
0.47    0.11    0.93    0.38    0.88    1.08
0.47    0.11    0.93    0.38    0.97    0.68
0.47    0.11    0.93    0.38    0.97    0.76
0.47    0.11    0.93    0.38    0.97    0.84
0.47    0.11    0.93    0.38    0.97    0.92
0.47    0.11    0.93    0.38    0.97    1.00
0.47    0.11    0.93    0.38    0.97    1.08
0.47    0.11    0.93    0.38    1.06    0.68
0.47    0.11    0.93    0.38    1.06    0.76
0.47    0.11    0.93    0.38    1.06    0.84
0.47    0.11    0.93    0.38    1.06    0.92
0.47    0.11    0.93    0.38    1.06    1.00
0.47    0.11    0.93    0.38    1.06    1.08
0.47    0.11    0.93    0.45    0.79    0.68
0.47    0.11    0.93    0.45    0.79    0.76
0.47    0.11    0.93    0.45    0.79    0.84
0.47    0.11    0.93    0.45    0.79    0.92
0.47    0.11    0.93    0.45    0.79    1.00
0.47    0.11    0.93    0.45    0.79    1.08
0.47    0.11    0.93    0.45    0.88    0.68
0.47    0.11    0.93    0.45    0.88    0.76
0.47    0.11    0.93    0.45    0.88    0.84
0.47    0.11    0.93    0.45    0.88    0.92
0.47    0.11    0.93    0.45    0.88    1.00
0.47    0.11    0.93    0.45    0.88    1.08
0.47    0.11    0.93    0.45    0.97    0.68
0.47    0.11    0.93    0.45    0.97    0.76
0.47    0.11    0.93    0.45    0.97    0.84
0.47    0.11    0.93    0.45    0.97    0.92
0.47    0.11    0.93    0.45    0.97    1.00
0.47    0.11    0.93    0.45    0.97    1.08
0.47    0.11    0.93    0.45    1.06    0.68
0.47    0.11    0.93    0.45    1.06    0.76
0.47    0.11    0.93    0.45    1.06    0.84
0.47    0.11    0.93    0.45    1.06    0.92
0.47    0.11    0.93    0.45    1.06    1.00
0.47    0.11    0.93    0.45    1.06    1.08
0.47    0.11    0.93    0.52    0.79    0.68
0.47    0.11    0.93    0.52    0.79    0.76
0.47    0.11    0.93    0.52    0.79    0.84
0.47    0.11    0.93    0.52    0.79    0.92
0.47    0.11    0.93    0.52    0.79    1.00
0.47    0.11    0.93    0.52    0.79    1.08
0.47    0.11    0.93    0.52    0.88    0.68
0.47    0.11    0.93    0.52    0.88    0.76
0.47    0.11    0.93    0.52    0.88    0.84
0.47    0.11    0.93    0.52    0.88    0.92
0.47    0.11    0.93    0.52    0.88    1.00
0.47    0.11    0.93    0.52    0.88    1.08
0.47    0.11    0.93    0.52    0.97    0.68
0.47    0.11    0.93    0.52    0.97    0.76
0.47    0.11    0.93    0.52    0.97    0.84
0.47    0.11    0.93    0.52    0.97    0.92
0.47    0.11    0.93    0.52    0.97    1.00
0.47    0.11    0.93    0.52    0.97    1.08
0.47    0.11    0.93    0.52    1.06    0.68
0.47    0.11    0.93    0.52    1.06    0.76
0.47    0.11    0.93    0.52    1.06    0.84
0.47    0.11    0.93    0.52    1.06    0.92
0.47    0.11    0.93    0.52    1.06    1.00
0.47    0.11    0.93    0.52    1.06    1.08
0.47    0.22    0.71    0.17    0.79    0.68
0.47    0.22    0.71    0.17    0.79    0.76
0.47    0.22    0.71    0.17    0.79    0.84
0.47    0.22    0.71    0.17    0.79    0.92
0.47    0.22    0.71    0.17    0.79    1.00
0.47    0.22    0.71    0.17    0.79    1.08
0.47    0.22    0.71    0.17    0.88    0.68
0.47    0.22    0.71    0.17    0.88    0.76
0.47    0.22    0.71    0.17    0.88    0.84
0.47    0.22    0.71    0.17    0.88    0.92
0.47    0.22    0.71    0.17    0.88    1.00
0.47    0.22    0.71    0.17    0.88    1.08
0.47    0.22    0.71    0.17    0.97    0.68
0.47    0.22    0.71    0.17    0.97    0.76
0.47    0.22    0.71    0.17    0.97    0.84
0.47    0.22    0.71    0.17    0.97    0.92
0.47    0.22    0.71    0.17    0.97    1.00
0.47    0.22    0.71    0.17    0.97    1.08
0.47    0.22    0.71    0.17    1.06    0.68
0.47    0.22    0.71    0.17    1.06    0.76
0.47    0.22    0.71    0.17    1.06    0.84
0.47    0.22    0.71    0.17    1.06    0.92
0.47    0.22    0.71    0.17    1.06    1.00
0.47    0.22    0.71    0.17    1.06    1.08
0.47    0.22    0.71    0.24    0.79    0.68
0.47    0.22    0.71    0.24    0.79    0.76
0.47    0.22    0.71    0.24    0.79    0.84
0.47    0.22    0.71    0.24    0.79    0.92
0.47    0.22    0.71    0.24    0.79    1.00
0.47    0.22    0.71    0.24    0.79    1.08
0.47    0.22    0.71    0.24    0.88    0.68
0.47    0.22    0.71    0.24    0.88    0.76
0.47    0.22    0.71    0.24    0.88    0.84
0.47    0.22    0.71    0.24    0.88    0.92
0.47    0.22    0.71    0.24    0.88    1.00
0.47    0.22    0.71    0.24    0.88    1.08
0.47    0.22    0.71    0.24    0.97    0.68
0.47    0.22    0.71    0.24    0.97    0.76
0.47    0.22    0.71    0.24    0.97    0.84
0.47    0.22    0.71    0.24    0.97    0.92
0.47    0.22    0.71    0.24    0.97    1.00
0.47    0.22    0.71    0.24    0.97    1.08
0.47    0.22    0.71    0.24    1.06    0.68
0.47    0.22    0.71    0.24    1.06    0.76
0.47    0.22    0.71    0.24    1.06    0.84
0.47    0.22    0.71    0.24    1.06    0.92
0.47    0.22    0.71    0.24    1.06    1.00
0.47    0.22    0.71    0.24    1.06    1.08
0.47    0.22    0.71    0.31    0.79    0.68
0.47    0.22    0.71    0.31    0.79    0.76
0.47    0.22    0.71    0.31    0.79    0.84
0.47    0.22    0.71    0.31    0.79    0.92
0.47    0.22    0.71    0.31    0.79    1.00
0.47    0.22    0.71    0.31    0.79    1.08
0.47    0.22    0.71    0.31    0.88    0.68
0.47    0.22    0.71    0.31    0.88    0.76
0.47    0.22    0.71    0.31    0.88    0.84
0.47    0.22    0.71    0.31    0.88    0.92
0.47    0.22    0.71    0.31    0.88    1.00
0.47    0.22    0.71    0.31    0.88    1.08
0.47    0.22    0.71    0.31    0.97    0.68
0.47    0.22    0.71    0.31    0.97    0.76
0.47    0.22    0.71    0.31    0.97    0.84
0.47    0.22    0.71    0.31    0.97    0.92
0.47    0.22    0.71    0.31    0.97    1.00
0.47    0.22    0.71    0.31    0.97    1.08
0.47    0.22    0.71    0.31    1.06    0.68
0.47    0.22    0.71    0.31    1.06    0.76
0.47    0.22    0.71    0.31    1.06    0.84
0.47    0.22    0.71    0.31    1.06    0.92
0.47    0.22    0.71    0.31    1.06    1.00
0.47    0.22    0.71    0.31    1.06    1.08
0.47    0.22    0.71    0.38    0.79    0.68
0.47    0.22    0.71    0.38    0.79    0.76
0.47    0.22    0.71    0.38    0.79    0.84
0.47    0.22    0.71    0.38    0.79    0.92
0.47    0.22    0.71    0.38    0.79    1.00
0.47    0.22    0.71    0.38    0.79    1.08
0.47    0.22    0.71    0.38    0.88    0.68
0.47    0.22    0.71    0.38    0.88    0.76
0.47    0.22    0.71    0.38    0.88    0.84
0.47    0.22    0.71    0.38    0.88    0.92
0.47    0.22    0.71    0.38    0.88    1.00
0.47    0.22    0.71    0.38    0.88    1.08
0.47    0.22    0.71    0.38    0.97    0.68
0.47    0.22    0.71    0.38    0.97    0.76
0.47    0.22    0.71    0.38    0.97    0.84
0.47    0.22    0.71    0.38    0.97    0.92
0.47    0.22    0.71    0.38    0.97    1.00
0.47    0.22    0.71    0.38    0.97    1.08
0.47    0.22    0.71    0.38    1.06    0.68
0.47    0.22    0.71    0.38    1.06    0.76
0.47    0.22    0.71    0.38    1.06    0.84
0.47    0.22    0.71    0.38    1.06    0.92
0.47    0.22    0.71    0.38    1.06    1.00
0.47    0.22    0.71    0.38    1.06    1.08
0.47    0.22    0.71    0.45    0.79    0.68
0.47    0.22    0.71    0.45    0.79    0.76
0.47    0.22    0.71    0.45    0.79    0.84
0.47    0.22    0.71    0.45    0.79    0.92
0.47    0.22    0.71    0.45    0.79    1.00
0.47    0.22    0.71    0.45    0.79    1.08
0.47    0.22    0.71    0.45    0.88    0.68
0.47    0.22    0.71    0.45    0.88    0.76
0.47    0.22    0.71    0.45    0.88    0.84
0.47    0.22    0.71    0.45    0.88    0.92
0.47    0.22    0.71    0.45    0.88    1.00
0.47    0.22    0.71    0.45    0.88    1.08
0.47    0.22    0.71    0.45    0.97    0.68
0.47    0.22    0.71    0.45    0.97    0.76
0.47    0.22    0.71    0.45    0.97    0.84
0.47    0.22    0.71    0.45    0.97    0.92
0.47    0.22    0.71    0.45    0.97    1.00
0.47    0.22    0.71    0.45    0.97    1.08
0.47    0.22    0.71    0.45    1.06    0.68
0.47    0.22    0.71    0.45    1.06    0.76
0.47    0.22    0.71    0.45    1.06    0.84
0.47    0.22    0.71    0.45    1.06    0.92
0.47    0.22    0.71    0.45    1.06    1.00
0.47    0.22    0.71    0.45    1.06    1.08
0.47    0.22    0.71    0.52    0.79    0.68
0.47    0.22    0.71    0.52    0.79    0.76
0.47    0.22    0.71    0.52    0.79    0.84
0.47    0.22    0.71    0.52    0.79    0.92
0.47    0.22    0.71    0.52    0.79    1.00
0.47    0.22    0.71    0.52    0.79    1.08
0.47    0.22    0.71    0.52    0.88    0.68
0.47    0.22    0.71    0.52    0.88    0.76
0.47    0.22    0.71    0.52    0.88    0.84
0.47    0.22    0.71    0.52    0.88    0.92
0.47    0.22    0.71    0.52    0.88    1.00
0.47    0.22    0.71    0.52    0.88    1.08
0.47    0.22    0.71    0.52    0.97    0.68
0.47    0.22    0.71    0.52    0.97    0.76
0.47    0.22    0.71    0.52    0.97    0.84
0.47    0.22    0.71    0.52    0.97    0.92
0.47    0.22    0.71    0.52    0.97    1.00
0.47    0.22    0.71    0.52    0.97    1.08
0.47    0.22    0.71    0.52    1.06    0.68
0.47    0.22    0.71    0.52    1.06    0.76
0.47    0.22    0.71    0.52    1.06    0.84
0.47    0.22    0.71    0.52    1.06    0.92
0.47    0.22    0.71    0.52    1.06    1.00
0.47    0.22    0.71    0.52    1.06    1.08
0.47    0.22    0.82    0.17    0.79    0.68
0.47    0.22    0.82    0.17    0.79    0.76
0.47    0.22    0.82    0.17    0.79    0.84
0.47    0.22    0.82    0.17    0.79    0.92
0.47    0.22    0.82    0.17    0.79    1.00
0.47    0.22    0.82    0.17    0.79    1.08
0.47    0.22    0.82    0.17    0.88    0.68
0.47    0.22    0.82    0.17    0.88    0.76
0.47    0.22    0.82    0.17    0.88    0.84
0.47    0.22    0.82    0.17    0.88    0.92
0.47    0.22    0.82    0.17    0.88    1.00
0.47    0.22    0.82    0.17    0.88    1.08
0.47    0.22    0.82    0.17    0.97    0.68
0.47    0.22    0.82    0.17    0.97    0.76
0.47    0.22    0.82    0.17    0.97    0.84
0.47    0.22    0.82    0.17    0.97    0.92
0.47    0.22    0.82    0.17    0.97    1.00
0.47    0.22    0.82    0.17    0.97    1.08
0.47    0.22    0.82    0.17    1.06    0.68
0.47    0.22    0.82    0.17    1.06    0.76
0.47    0.22    0.82    0.17    1.06    0.84
0.47    0.22    0.82    0.17    1.06    0.92
0.47    0.22    0.82    0.17    1.06    1.00
0.47    0.22    0.82    0.17    1.06    1.08
0.47    0.22    0.82    0.24    0.79    0.68
0.47    0.22    0.82    0.24    0.79    0.76
0.47    0.22    0.82    0.24    0.79    0.84
0.47    0.22    0.82    0.24    0.79    0.92
0.47    0.22    0.82    0.24    0.79    1.00
0.47    0.22    0.82    0.24    0.79    1.08
0.47    0.22    0.82    0.24    0.88    0.68
0.47    0.22    0.82    0.24    0.88    0.76
0.47    0.22    0.82    0.24    0.88    0.84
0.47    0.22    0.82    0.24    0.88    0.92
0.47    0.22    0.82    0.24    0.88    1.00
0.47    0.22    0.82    0.24    0.88    1.08
0.47    0.22    0.82    0.24    0.97    0.68
0.47    0.22    0.82    0.24    0.97    0.76
0.47    0.22    0.82    0.24    0.97    0.84
0.47    0.22    0.82    0.24    0.97    0.92
0.47    0.22    0.82    0.24    0.97    1.00
0.47    0.22    0.82    0.24    0.97    1.08
0.47    0.22    0.82    0.24    1.06    0.68
0.47    0.22    0.82    0.24    1.06    0.76
0.47    0.22    0.82    0.24    1.06    0.84
0.47    0.22    0.82    0.24    1.06    0.92
0.47    0.22    0.82    0.24    1.06    1.00
0.47    0.22    0.82    0.24    1.06    1.08
0.47    0.22    0.82    0.31    0.79    0.68
0.47    0.22    0.82    0.31    0.79    0.76
0.47    0.22    0.82    0.31    0.79    0.84
0.47    0.22    0.82    0.31    0.79    0.92
0.47    0.22    0.82    0.31    0.79    1.00
0.47    0.22    0.82    0.31    0.79    1.08
0.47    0.22    0.82    0.31    0.88    0.68
0.47    0.22    0.82    0.31    0.88    0.76
0.47    0.22    0.82    0.31    0.88    0.84
0.47    0.22    0.82    0.31    0.88    0.92
0.47    0.22    0.82    0.31    0.88    1.00
0.47    0.22    0.82    0.31    0.88    1.08
0.47    0.22    0.82    0.31    0.97    0.68
0.47    0.22    0.82    0.31    0.97    0.76
0.47    0.22    0.82    0.31    0.97    0.84
0.47    0.22    0.82    0.31    0.97    0.92
0.47    0.22    0.82    0.31    0.97    1.00
0.47    0.22    0.82    0.31    0.97    1.08
0.47    0.22    0.82    0.31    1.06    0.68
0.47    0.22    0.82    0.31    1.06    0.76
0.47    0.22    0.82    0.31    1.06    0.84
0.47    0.22    0.82    0.31    1.06    0.92
0.47    0.22    0.82    0.31    1.06    1.00
0.47    0.22    0.82    0.31    1.06    1.08
0.47    0.22    0.82    0.38    0.79    0.68
0.47    0.22    0.82    0.38    0.79    0.76
0.47    0.22    0.82    0.38    0.79    0.84
0.47    0.22    0.82    0.38    0.79    0.92
0.47    0.22    0.82    0.38    0.79    1.00
0.47    0.22    0.82    0.38    0.79    1.08
0.47    0.22    0.82    0.38    0.88    0.68
0.47    0.22    0.82    0.38    0.88    0.76
0.47    0.22    0.82    0.38    0.88    0.84
0.47    0.22    0.82    0.38    0.88    0.92
0.47    0.22    0.82    0.38    0.88    1.00
0.47    0.22    0.82    0.38    0.88    1.08
0.47    0.22    0.82    0.38    0.97    0.68
0.47    0.22    0.82    0.38    0.97    0.76
0.47    0.22    0.82    0.38    0.97    0.84
0.47    0.22    0.82    0.38    0.97    0.92
0.47    0.22    0.82    0.38    0.97    1.00
0.47    0.22    0.82    0.38    0.97    1.08
0.47    0.22    0.82    0.38    1.06    0.68
0.47    0.22    0.82    0.38    1.06    0.76
0.47    0.22    0.82    0.38    1.06    0.84
0.47    0.22    0.82    0.38    1.06    0.92
0.47    0.22    0.82    0.38    1.06    1.00
0.47    0.22    0.82    0.38    1.06    1.08
0.47    0.22    0.82    0.45    0.79    0.68
0.47    0.22    0.82    0.45    0.79    0.76
0.47    0.22    0.82    0.45    0.79    0.84
0.47    0.22    0.82    0.45    0.79    0.92
0.47    0.22    0.82    0.45    0.79    1.00
0.47    0.22    0.82    0.45    0.79    1.08
0.47    0.22    0.82    0.45    0.88    0.68
0.47    0.22    0.82    0.45    0.88    0.76
0.47    0.22    0.82    0.45    0.88    0.84
0.47    0.22    0.82    0.45    0.88    0.92
0.47    0.22    0.82    0.45    0.88    1.00
0.47    0.22    0.82    0.45    0.88    1.08
0.47    0.22    0.82    0.45    0.97    0.68
0.47    0.22    0.82    0.45    0.97    0.76
0.47    0.22    0.82    0.45    0.97    0.84
0.47    0.22    0.82    0.45    0.97    0.92
0.47    0.22    0.82    0.45    0.97    1.00
0.47    0.22    0.82    0.45    0.97    1.08
0.47    0.22    0.82    0.45    1.06    0.68
0.47    0.22    0.82    0.45    1.06    0.76
0.47    0.22    0.82    0.45    1.06    0.84
0.47    0.22    0.82    0.45    1.06    0.92
0.47    0.22    0.82    0.45    1.06    1.00
0.47    0.22    0.82    0.45    1.06    1.08
0.47    0.22    0.82    0.52    0.79    0.68
0.47    0.22    0.82    0.52    0.79    0.76
0.47    0.22    0.82    0.52    0.79    0.84
0.47    0.22    0.82    0.52    0.79    0.92
0.47    0.22    0.82    0.52    0.79    1.00
0.47    0.22    0.82    0.52    0.79    1.08
0.47    0.22    0.82    0.52    0.88    0.68
0.47    0.22    0.82    0.52    0.88    0.76
0.47    0.22    0.82    0.52    0.88    0.84
0.47    0.22    0.82    0.52    0.88    0.92
0.47    0.22    0.82    0.52    0.88    1.00
0.47    0.22    0.82    0.52    0.88    1.08
0.47    0.22    0.82    0.52    0.97    0.68
0.47    0.22    0.82    0.52    0.97    0.76
0.47    0.22    0.82    0.52    0.97    0.84
0.47    0.22    0.82    0.52    0.97    0.92
0.47    0.22    0.82    0.52    0.97    1.00
0.47    0.22    0.82    0.52    0.97    1.08
0.47    0.22    0.82    0.52    1.06    0.68
0.47    0.22    0.82    0.52    1.06    0.76
0.47    0.22    0.82    0.52    1.06    0.84
0.47    0.22    0.82    0.52    1.06    0.92
0.47    0.22    0.82    0.52    1.06    1.00
0.47    0.22    0.82    0.52    1.06    1.08
0.47    0.22    0.93    0.17    0.79    0.68
0.47    0.22    0.93    0.17    0.79    0.76
0.47    0.22    0.93    0.17    0.79    0.84
0.47    0.22    0.93    0.17    0.79    0.92
0.47    0.22    0.93    0.17    0.79    1.00
0.47    0.22    0.93    0.17    0.79    1.08
0.47    0.22    0.93    0.17    0.88    0.68
0.47    0.22    0.93    0.17    0.88    0.76
0.47    0.22    0.93    0.17    0.88    0.84
0.47    0.22    0.93    0.17    0.88    0.92
0.47    0.22    0.93    0.17    0.88    1.00
0.47    0.22    0.93    0.17    0.88    1.08
0.47    0.22    0.93    0.17    0.97    0.68
0.47    0.22    0.93    0.17    0.97    0.76
0.47    0.22    0.93    0.17    0.97    0.84
0.47    0.22    0.93    0.17    0.97    0.92
0.47    0.22    0.93    0.17    0.97    1.00
0.47    0.22    0.93    0.17    0.97    1.08
0.47    0.22    0.93    0.17    1.06    0.68
0.47    0.22    0.93    0.17    1.06    0.76
0.47    0.22    0.93    0.17    1.06    0.84
0.47    0.22    0.93    0.17    1.06    0.92
0.47    0.22    0.93    0.17    1.06    1.00
0.47    0.22    0.93    0.17    1.06    1.08
0.47    0.22    0.93    0.24    0.79    0.68
0.47    0.22    0.93    0.24    0.79    0.76
0.47    0.22    0.93    0.24    0.79    0.84
0.47    0.22    0.93    0.24    0.79    0.92
0.47    0.22    0.93    0.24    0.79    1.00
0.47    0.22    0.93    0.24    0.79    1.08
0.47    0.22    0.93    0.24    0.88    0.68
0.47    0.22    0.93    0.24    0.88    0.76
0.47    0.22    0.93    0.24    0.88    0.84
0.47    0.22    0.93    0.24    0.88    0.92
0.47    0.22    0.93    0.24    0.88    1.00
0.47    0.22    0.93    0.24    0.88    1.08
0.47    0.22    0.93    0.24    0.97    0.68
0.47    0.22    0.93    0.24    0.97    0.76
0.47    0.22    0.93    0.24    0.97    0.84
0.47    0.22    0.93    0.24    0.97    0.92
0.47    0.22    0.93    0.24    0.97    1.00
0.47    0.22    0.93    0.24    0.97    1.08
0.47    0.22    0.93    0.24    1.06    0.68
0.47    0.22    0.93    0.24    1.06    0.76
0.47    0.22    0.93    0.24    1.06    0.84
0.47    0.22    0.93    0.24    1.06    0.92
0.47    0.22    0.93    0.24    1.06    1.00
0.47    0.22    0.93    0.24    1.06    1.08
0.47    0.22    0.93    0.31    0.79    0.68
0.47    0.22    0.93    0.31    0.79    0.76
0.47    0.22    0.93    0.31    0.79    0.84
0.47    0.22    0.93    0.31    0.79    0.92
0.47    0.22    0.93    0.31    0.79    1.00
0.47    0.22    0.93    0.31    0.79    1.08
0.47    0.22    0.93    0.31    0.88    0.68
0.47    0.22    0.93    0.31    0.88    0.76
0.47    0.22    0.93    0.31    0.88    0.84
0.47    0.22    0.93    0.31    0.88    0.92
0.47    0.22    0.93    0.31    0.88    1.00
0.47    0.22    0.93    0.31    0.88    1.08
0.47    0.22    0.93    0.31    0.97    0.68
0.47    0.22    0.93    0.31    0.97    0.76
0.47    0.22    0.93    0.31    0.97    0.84
0.47    0.22    0.93    0.31    0.97    0.92
0.47    0.22    0.93    0.31    0.97    1.00
0.47    0.22    0.93    0.31    0.97    1.08
0.47    0.22    0.93    0.31    1.06    0.68
0.47    0.22    0.93    0.31    1.06    0.76
0.47    0.22    0.93    0.31    1.06    0.84
0.47    0.22    0.93    0.31    1.06    0.92
0.47    0.22    0.93    0.31    1.06    1.00
0.47    0.22    0.93    0.31    1.06    1.08
0.47    0.22    0.93    0.38    0.79    0.68
0.47    0.22    0.93    0.38    0.79    0.76
0.47    0.22    0.93    0.38    0.79    0.84
0.47    0.22    0.93    0.38    0.79    0.92
0.47    0.22    0.93    0.38    0.79    1.00
0.47    0.22    0.93    0.38    0.79    1.08
0.47    0.22    0.93    0.38    0.88    0.68
0.47    0.22    0.93    0.38    0.88    0.76
0.47    0.22    0.93    0.38    0.88    0.84
0.47    0.22    0.93    0.38    0.88    0.92
0.47    0.22    0.93    0.38    0.88    1.00
0.47    0.22    0.93    0.38    0.88    1.08
0.47    0.22    0.93    0.38    0.97    0.68
0.47    0.22    0.93    0.38    0.97    0.76
0.47    0.22    0.93    0.38    0.97    0.84
0.47    0.22    0.93    0.38    0.97    0.92
0.47    0.22    0.93    0.38    0.97    1.00
0.47    0.22    0.93    0.38    0.97    1.08
0.47    0.22    0.93    0.38    1.06    0.68
0.47    0.22    0.93    0.38    1.06    0.76
0.47    0.22    0.93    0.38    1.06    0.84
0.47    0.22    0.93    0.38    1.06    0.92
0.47    0.22    0.93    0.38    1.06    1.00
0.47    0.22    0.93    0.38    1.06    1.08
0.47    0.22    0.93    0.45    0.79    0.68
0.47    0.22    0.93    0.45    0.79    0.76
0.47    0.22    0.93    0.45    0.79    0.84
0.47    0.22    0.93    0.45    0.79    0.92
0.47    0.22    0.93    0.45    0.79    1.00
0.47    0.22    0.93    0.45    0.79    1.08
0.47    0.22    0.93    0.45    0.88    0.68
0.47    0.22    0.93    0.45    0.88    0.76
0.47    0.22    0.93    0.45    0.88    0.84
0.47    0.22    0.93    0.45    0.88    0.92
0.47    0.22    0.93    0.45    0.88    1.00
0.47    0.22    0.93    0.45    0.88    1.08
0.47    0.22    0.93    0.45    0.97    0.68
0.47    0.22    0.93    0.45    0.97    0.76
0.47    0.22    0.93    0.45    0.97    0.84
0.47    0.22    0.93    0.45    0.97    0.92
0.47    0.22    0.93    0.45    0.97    1.00
0.47    0.22    0.93    0.45    0.97    1.08
0.47    0.22    0.93    0.45    1.06    0.68
0.47    0.22    0.93    0.45    1.06    0.76
0.47    0.22    0.93    0.45    1.06    0.84
0.47    0.22    0.93    0.45    1.06    0.92
0.47    0.22    0.93    0.45    1.06    1.00
0.47    0.22    0.93    0.45    1.06    1.08
0.47    0.22    0.93    0.52    0.79    0.68
0.47    0.22    0.93    0.52    0.79    0.76
0.47    0.22    0.93    0.52    0.79    0.84
0.47    0.22    0.93    0.52    0.79    0.92
0.47    0.22    0.93    0.52    0.79    1.00
0.47    0.22    0.93    0.52    0.79    1.08
0.47    0.22    0.93    0.52    0.88    0.68
0.47    0.22    0.93    0.52    0.88    0.76
0.47    0.22    0.93    0.52    0.88    0.84
0.47    0.22    0.93    0.52    0.88    0.92
0.47    0.22    0.93    0.52    0.88    1.00
0.47    0.22    0.93    0.52    0.88    1.08
0.47    0.22    0.93    0.52    0.97    0.68
0.47    0.22    0.93    0.52    0.97    0.76
0.47    0.22    0.93    0.52    0.97    0.84
0.47    0.22    0.93    0.52    0.97    0.92
0.47    0.22    0.93    0.52    0.97    1.00
0.47    0.22    0.93    0.52    0.97    1.08
0.47    0.22    0.93    0.52    1.06    0.68
0.47    0.22    0.93    0.52    1.06    0.76
0.47    0.22    0.93    0.52    1.06    0.84
0.47    0.22    0.93    0.52    1.06    0.92
0.47    0.22    0.93    0.52    1.06    1.00
0.47    0.22    0.93    0.52    1.06    1.08