0.491	0.289	0.287	0.289	0.491	0.344	1
0.404	0.191	0.327	0.292	0.406	0.319	1
0.514	0.106	0.354	0.153	0.456	0.258	1
0.530	0.198	0.372	0.276	0.428	0.602	1
0.448	0.235	0.286	0.298	0.415	0.142	1
0.402	0.251	0.186	0.116	0.425	0.653	1
0.467	0.238	0.127	0.228	0.494	0.727	1
0.525	0.211	0.336	0.258	0.406	0.774	1
0.425	0.104	0.244	0.281	0.449	0.349	1
0.506	0.221	0.315	0.276	0.440	0.425	1
0.429	0.176	0.398	0.198	0.461	0.371	1
0.425	0.103	0.354	0.113	0.429	0.187	1
0.408	0.111	0.339	0.257	0.451	0.722	1
0.438	0.135	0.109	0.163	0.431	0.176	1
0.532	0.109	0.359	0.233	0.412	0.189	1
0.429	0.176	0.130	0.247	0.425	0.498	1
0.510	0.266	0.211	0.297	0.459	0.673	1
0.529	0.237	0.306	0.233	0.466	0.486	1
0.530	0.153	0.381	0.201	0.430	0.497	1
0.497	0.151	0.373	0.140	0.435	0.758	1
0.597	0.201	0.367	0.249	0.484	0.426	1
0.541	0.165	0.361	0.163	0.449	0.455	1
0.541	0.258	0.199	0.273	0.438	0.283	1
0.517	0.128	0.396	0.194	0.440	0.052	1
0.541	0.195	0.248	0.235	0.472	0.523	1
0.438	0.228	0.161	0.132	0.461	0.012	1
0.507	0.142	0.253	0.140	0.498	0.154	1
0.535	0.138	0.151	0.103	0.437	0.725	1
0.449	0.126	0.195	0.214	0.489	0.797	1
0.517	0.229	0.202	0.278	0.486	0.622	1
0.424	0.282	0.395	0.216	0.441	0.052	1
0.586	0.271	0.101	0.132	0.423	0.051	1
0.426	0.270	0.202	0.161	0.496	0.094	1
0.521	0.156	0.123	0.237	0.437	0.722	1
0.455	0.234	0.162	0.119	0.449	0.755	1
0.472	0.215	0.211	0.299	0.435	0.772	1
0.525	0.175	0.143	0.223	0.428	0.644	1
0.442	0.292	0.376	0.108	0.495	0.039	1
0.480	0.212	0.370	0.131	0.463	0.747	1
0.526	0.293	0.325	0.171	0.467	0.783	1
0.547	0.232	0.220	0.117	0.403	0.384	1
0.555	0.166	0.165	0.244	0.444	0.736	1
0.484	0.288	0.170	0.191	0.499	0.261	1
0.409	0.143	0.354	0.166	0.460	0.778	1
0.429	0.264	0.162	0.231	0.410	0.720	1
0.470	0.198	0.183	0.120	0.474	0.732	1
0.440	0.246	0.292	0.248	0.400	0.495	1
0.478	0.211	0.284	0.155	0.442	0.129	1
0.400	0.271	0.272	0.183	0.450	0.638	1
0.447	0.161	0.142	0.171	0.457	0.347	1
0.595	0.171	0.141	0.221	0.455	0.581	1
0.477	0.107	0.395	0.184	0.460	0.231	1
0.542	0.128	0.308	0.217	0.444	0.243	1
0.473	0.201	0.364	0.161	0.441	0.411	1
0.516	0.277	0.245	0.285	0.445	0.726	1
0.577	0.113	0.338	0.181	0.418	0.368	1
0.415	0.300	0.336	0.275	0.430	0.243	1
0.434	0.256	0.282	0.268	0.416	0.592	1
0.495	0.167	0.257	0.252	0.427	0.109	1
0.437	0.163	0.309	0.185	0.438	0.134	1
0.503	0.250	0.300	0.226	0.498	0.059	1
0.585	0.109	0.264	0.149	0.426	0.486	1
0.571	0.144	0.254	0.242	0.442	0.727	1
0.589	0.102	0.131	0.270	0.489	0.278	1
0.450	0.113	0.193	0.202	0.447	0.662	1
0.553	0.201	0.371	0.270	0.461	0.613	1
0.481	0.237	0.209	0.115	0.419	0.605	1
0.532	0.245	0.223	0.170	0.458	0.394	1
0.503	0.222	0.120	0.209	0.458	0.043	1
0.569	0.165	0.201	0.260	0.431	0.672	1
0.483	0.288	0.100	0.180	0.410	0.742	1
0.543	0.131	0.110	0.111	0.458	0.123	1
0.473	0.129	0.193	0.266	0.427	0.600	1
0.477	0.282	0.182	0.286	0.411	0.600	1
0.468	0.246	0.207	0.139	0.469	0.015	1
0.471	0.209	0.123	0.141	0.493	0.308	1
0.513	0.246	0.296	0.155	0.492	0.744	1
0.499	0.138	0.217	0.293	0.417	0.578	1
0.412	0.119	0.293	0.265	0.478	0.415	1
0.447	0.237	0.275	0.156	0.433	0.736	1
0.515	0.219	0.117	0.109	0.441	0.023	1
0.418	0.181	0.397	0.218	0.438	0.336	1
0.472	0.242	0.376	0.105	0.467	0.432	1
0.454	0.236	0.315	0.239	0.457	0.140	1
0.546	0.268	0.222	0.234	0.409	0.063	1
0.455	0.141	0.134	0.119	0.454	0.700	1
0.480	0.189	0.143	0.184	0.485	0.170	1
0.402	0.281	0.209	0.176	0.479	0.284	1
0.405	0.120	0.222	0.108	0.474	0.609	1
0.595	0.130	0.273	0.220	0.490	0.128	1
0.451	0.106	0.159	0.106	0.424	0.397	1
0.547	0.274	0.384	0.296	0.461	0.187	1
0.438	0.244	0.369	0.220	0.433	0.583	1
0.543	0.277	0.191	0.123	0.403	0.790	1
0.545	0.285	0.274	0.237	0.496	0.329	1
0.403	0.273	0.240	0.182	0.474	0.336	1
0.582	0.134	0.375	0.219	0.499	0.641	1
0.568	0.217	0.297	0.288	0.404	0.524	1
0.599	0.255	0.317	0.243	0.421	0.738	1
0.489	0.228	0.120	0.297	0.463	0.131	1
0.470	0.243	0.129	0.125	0.462	0.731	1
0.517	0.194	0.285	0.123	0.453	0.029	1
0.584	0.120	0.152	0.200	0.478	0.782	1
0.537	0.202	0.287	0.198	0.431	0.009	1
0.489	0.212	0.172	0.169	0.402	0.748	1
0.542	0.179	0.394	0.291	0.474	0.430	1
0.588	0.103	0.130	0.228	0.408	0.360	1
0.445	0.206	0.147	0.245	0.444	0.693	1
0.505	0.293	0.150	0.125	0.445	0.583	1
0.537	0.281	0.398	0.278	0.496	0.178	1
0.581	0.143	0.345	0.262	0.499	0.782	1
0.463	0.264	0.129	0.204	0.422	0.215	1
0.446	0.124	0.150	0.292	0.406	0.071	1
0.532	0.157	0.118	0.127	0.404	0.409	1
0.472	0.190	0.193	0.229	0.478	0.759	1
0.405	0.102	0.297	0.146	0.471	0.763	1
0.568	0.246	0.300	0.287	0.446	0.311	1
0.524	0.171	0.227	0.280	0.458	0.131	1
0.412	0.157	0.395	0.133	0.481	0.094	1
0.493	0.186	0.362	0.131	0.465	0.789	1
0.494	0.211	0.373	0.117	0.455	0.087	1
0.500	0.135	0.392	0.129	0.414	0.374	1
0.540	0.266	0.122	0.219	0.493	0.494	1
0.509	0.230	0.110	0.198	0.491	0.035	1
0.542	0.193	0.334	0.188	0.428	0.466	1
0.442	0.275	0.286	0.133	0.459	0.650	1
0.444	0.246	0.236	0.223	0.474	0.277	1
0.560	0.147	0.284	0.222	0.413	0.517	1
0.533	0.227	0.126	0.202	0.493	0.465	1
0.553	0.141	0.341	0.190	0.439	0.075	1
0.424	0.233	0.343	0.163	0.498	0.786	1
0.435	0.114	0.369	0.293	0.410	0.322	1
0.506	0.107	0.376	0.136	0.416	0.511	1
0.598	0.233	0.137	0.216	0.442	0.496	1
0.530	0.111	0.210	0.201	0.495	0.106	1
0.575	0.197	0.363	0.248	0.408	0.449	1
0.422	0.161	0.369	0.114	0.493	0.159	1
0.512	0.127	0.164	0.136	0.474	0.371	1
0.563	0.256	0.303	0.116	0.464	0.266	1
0.509	0.111	0.156	0.128	0.403	0.366	1
0.587	0.224	0.212	0.291	0.489	0.785	1
0.451	0.196	0.171	0.129	0.422	0.348	1
0.511	0.120	0.137	0.217	0.478	0.744	1
0.484	0.273	0.129	0.288	0.439	0.501	1
0.570	0.149	0.109	0.259	0.499	0.148	1
0.545	0.217	0.309	0.227	0.415	0.093	1
0.515	0.121	0.155	0.149	0.434	0.058	1
0.466	0.196	0.355	0.224	0.409	0.540	1
0.456	0.255	0.198	0.177	0.442	0.310	1
0.440	0.225	0.226	0.227	0.407	0.512	1
0.521	0.164	0.277	0.103	0.490	0.242	1
0.505	0.117	0.357	0.165	0.461	0.155	1
0.502	0.167	0.328	0.258	0.404	0.219	1
0.566	0.237	0.379	0.296	0.448	0.106	1
0.430	0.167	0.369	0.199	0.401	0.409	1
0.556	0.182	0.267	0.162	0.460	0.236	1
0.540	0.138	0.375	0.297	0.487	0.445	1
0.536	0.106	0.258	0.139	0.434	0.026	1
0.597	0.226	0.149	0.245	0.459	0.190	1
0.464	0.186	0.375	0.252	0.417	0.443	1
0.500	0.212	0.328	0.175	0.447	0.580	1
0.504	0.204	0.342	0.220	0.426	0.548	1
0.576	0.270	0.314	0.139	0.475	0.454	1
0.478	0.299	0.376	0.118	0.489	0.351	1
0.475	0.221	0.301	0.141	0.418	0.371	1
0.597	0.107	0.241	0.173	0.488	0.745	1
0.492	0.161	0.149	0.227	0.474	0.100	1
0.521	0.263	0.250	0.122	0.424	0.422	1
0.432	0.267	0.132	0.283	0.448	0.722	1
0.532	0.298	0.278	0.232	0.401	0.472	1
0.410	0.186	0.172	0.172	0.492	0.722	1
0.471	0.210	0.323	0.222	0.479	0.052	1
0.474	0.187	0.391	0.299	0.411	0.022	1
0.450	0.134	0.329	0.299	0.427	0.032	1
0.592	0.182	0.111	0.151	0.489	0.737	1
0.588	0.263	0.212	0.175	0.466	0.544	1
0.450	0.153	0.106	0.289	0.454	0.724	1
0.569	0.204	0.319	0.164	0.447	0.270	1
0.517	0.160	0.318	0.244	0.415	0.787	1
0.435	0.185	0.336	0.214	0.483	0.246	1
0.538	0.204	0.377	0.163	0.401	0.459	1
0.585	0.229	0.240	0.229	0.490	0.422	1
0.440	0.158	0.373	0.121	0.403	0.788	1
0.534	0.140	0.155	0.112	0.441	0.513	1
0.476	0.161	0.333	0.299	0.430	0.587	1
0.542	0.125	0.340	0.124	0.428	0.094	1
0.489	0.290	0.130	0.187	0.467	0.455	1
0.599	0.115	0.267	0.119	0.493	0.528	1
0.586	0.218	0.163	0.134	0.480	0.477	1
0.568	0.280	0.107	0.274	0.415	0.691	1
0.553	0.225	0.397	0.211	0.439	0.068	1
0.488	0.189	0.270	0.179	0.424	0.034	1
0.556	0.174	0.210	0.234	0.460	0.419	1
0.525	0.170	0.135	0.111	0.466	0.264	1
0.469	0.158	0.273	0.278	0.458	0.096	1
0.428	0.277	0.279	0.228	0.474	0.428	1
0.418	0.279	0.220	0.219	0.476	0.260	1
0.464	0.258	0.249	0.284	0.439	0.707	1
0.462	0.206	0.175	0.199	0.405	0.072	1
0.529	0.248	0.252	0.262	0.478	0.452	1
0.404	0.174	0.193	0.191	0.489	0.261	1
0.427	0.210	0.237	0.264	0.448	0.065	1
0.445	0.208	0.208	0.123	0.454	0.510	1
0.472	0.144	0.350	0.291	0.452	0.544	1
0.407	0.201	0.156	0.136	0.463	0.475	1
0.587	0.271	0.302	0.185	0.411	0.479	1
0.435	0.134	0.398	0.172	0.459	0.666	1
0.466	0.294	0.255	0.153	0.482	0.481	1
0.422	0.235	0.171	0.257	0.483	0.743	1
0.568	0.116	0.237	0.246	0.435	0.142	1
0.591	0.201	0.369	0.163	0.430	0.341	1
0.460	0.150	0.219	0.220	0.465	0.768	1
0.417	0.258	0.141	0.206	0.439	0.401	1
0.454	0.151	0.286	0.187	0.474	0.187	1
0.420	0.199	0.321	0.112	0.438	0.516	1
0.417	0.142	0.105	0.262	0.415	0.025	1
0.490	0.292	0.288	0.264	0.420	0.194	1
0.401	0.258	0.145	0.267	0.414	0.075	1
0.575	0.218	0.176	0.106	0.466	0.227	1
0.527	0.289	0.249	0.199	0.459	0.002	1
0.456	0.217	0.202	0.148	0.438	0.306	1
0.470	0.254	0.119	0.184	0.476	0.011	1
0.482	0.190	0.371	0.141	0.404	0.061	1
0.469	0.136	0.263	0.106	0.445	0.490	1
0.448	0.209	0.185	0.193	0.403	0.583	1
0.514	0.184	0.135	0.231	0.444	0.354	1
0.511	0.126	0.116	0.178	0.432	0.492	1
0.492	0.279	0.343	0.111	0.467	0.162	1
0.549	0.202	0.263	0.274	0.414	0.463	1
0.413	0.187	0.168	0.244	0.445	0.148	1
0.449	0.163	0.364	0.156	0.460	0.226	1
0.539	0.141	0.162	0.243	0.477	0.386	1
0.548	0.223	0.102	0.133	0.413	0.304	1
0.594	0.174	0.349	0.135	0.453	0.339	1
0.469	0.208	0.244	0.295	0.411	0.780	1
0.471	0.156	0.361	0.168	0.417	0.478	1
0.547	0.297	0.177	0.175	0.457	0.401	1
0.447	0.156	0.254	0.272	0.487	0.616	1
0.463	0.200	0.364	0.121	0.467	0.472	1
0.520	0.131	0.367	0.175	0.415	0.216	1
0.591	0.275	0.388	0.279	0.468	0.602	1
0.455	0.155	0.281	0.186	0.425	0.615	1
0.436	0.248	0.371	0.264	0.412	0.427	1
0.532	0.232	0.399	0.253	0.423	0.081	1
0.566	0.181	0.184	0.211	0.484	0.404	1
0.550	0.239	0.285	0.171	0.454	0.456	1
0.525	0.199	0.148	0.142	0.440	0.594	1
0.420	0.279	0.334	0.108	0.475	0.263	1
0.435	0.128	0.181	0.278	0.430	0.441	1
0.436	0.106	0.312	0.167	0.433	0.532	1
0.434	0.179	0.265	0.300	0.424	0.773	1
0.496	0.287	0.170	0.276	0.415	0.480	1
0.545	0.103	0.163	0.295	0.453	0.047	1
0.456	0.279	0.255	0.177	0.433	0.718	1
0.560	0.157	0.118	0.206	0.447	0.249	1
0.596	0.238	0.278	0.274	0.409	0.462	1
0.589	0.169	0.196	0.229	0.421	0.207	1
0.467	0.215	0.133	0.126	0.476	0.140	1
0.493	0.189	0.332	0.170	0.457	0.220	1
0.573	0.118	0.344	0.239	0.444	0.333	1
0.445	0.285	0.221	0.275	0.461	0.574	1
0.408	0.101	0.355	0.289	0.406	0.441	1
0.471	0.274	0.206	0.103	0.481	0.637	1
0.571	0.121	0.142	0.111	0.485	0.363	1
0.585	0.193	0.173	0.227	0.488	0.261	1
0.494	0.131	0.219	0.115	0.448	0.514	1
0.570	0.194	0.221	0.261	0.426	0.026	1
0.545	0.130	0.291	0.102	0.428	0.505	1
0.571	0.267	0.367	0.215	0.463	0.312	1
0.444	0.153	0.165	0.275	0.433	0.421	1
0.505	0.163	0.244	0.212	0.441	0.715	1
0.553	0.288	0.283	0.204	0.485	0.390	1
0.426	0.280	0.138	0.153	0.463	0.321	1
0.577	0.168	0.186	0.247	0.415	0.470	1
0.534	0.160	0.304	0.261	0.419	0.439	1
0.585	0.279	0.181	0.177	0.478	0.617	1
0.517	0.284	0.325	0.275	0.469	0.333	1
0.477	0.265	0.351	0.172	0.497	0.774	1
0.424	0.267	0.116	0.263	0.476	0.347	1
0.539	0.214	0.143	0.286	0.443	0.780	1
0.412	0.250	0.234	0.212	0.487	0.093	1
0.553	0.195	0.203	0.202	0.433	0.466	1
0.493	0.192	0.179	0.176	0.411	0.375	1
0.425	0.257	0.390	0.112	0.452	0.290	1
0.458	0.176	0.233	0.280	0.474	0.754	1
0.512	0.239	0.139	0.164	0.484	0.684	1
0.569	0.193	0.174	0.173	0.455	0.411	1
0.508	0.172	0.155	0.203	0.411	0.226	1
0.452	0.202	0.149	0.124	0.427	0.743	1
0.563	0.298	0.184	0.261	0.456	0.505	1
0.583	0.286	0.348	0.162	0.461	0.235	1
0.556	0.235	0.162	0.203	0.403	0.674	1
0.446	0.139	0.277	0.104	0.456	0.072	1
0.466	0.150	0.305	0.147	0.419	0.748	1
0.545	0.253	0.244	0.250	0.484	0.227	1
0.415	0.198	0.125	0.129	0.469	0.197	1
0.546	0.250	0.120	0.256	0.449	0.403	1
0.551	0.103	0.238	0.177	0.404	0.416	1
0.511	0.233	0.323	0.278	0.454	0.260	1
0.578	0.238	0.177	0.104	0.452	0.271	1
0.460	0.205	0.318	0.129	0.405	0.348	1
0.512	0.281	0.130	0.285	0.432	0.304	1
0.595	0.113	0.388	0.276	0.452	0.741	1
0.465	0.269	0.246	0.154	0.449	0.161	1
0.553	0.128	0.342	0.205	0.489	0.123	1
0.419	0.287	0.399	0.183	0.409	0.535	1
0.540	0.191	0.200	0.267	0.428	0.434	1
0.583	0.282	0.171	0.252	0.444	0.648	1
0.462	0.163	0.250	0.123	0.432	0.227	1
0.432	0.173	0.182	0.240	0.492	0.559	1
0.584	0.254	0.258	0.157	0.433	0.238	1
0.585	0.164	0.391	0.122	0.416	0.091	1
0.531	0.192	0.142	0.125	0.485	0.665	1
0.564	0.153	0.112	0.230	0.421	0.772	1
0.449	0.211	0.165	0.256	0.444	0.720	1
0.490	0.155	0.170	0.100	0.445	0.038	1
0.404	0.209	0.349	0.203	0.401	0.199	1
0.494	0.103	0.256	0.199	0.463	0.297	1
0.490	0.145	0.212	0.250	0.409	0.608	1
0.590	0.132	0.243	0.237	0.461	0.262	1
0.565	0.101	0.360	0.110	0.498	0.128	1
0.462	0.177	0.297	0.166	0.406	0.070	1
0.525	0.225	0.166	0.283	0.444	0.437	1
0.409	0.137	0.375	0.267	0.413	0.038	1
0.442	0.234	0.255	0.195	0.435	0.499	1
0.542	0.280	0.139	0.177	0.425	0.587	1
0.489	0.223	0.115	0.260	0.450	0.539	1
0.531	0.257	0.399	0.119	0.444	0.342	1
0.564	0.288	0.103	0.115	0.495	0.029	1
0.439	0.232	0.374	0.147	0.480	0.653	1
0.524	0.200	0.221	0.138	0.445	0.385	1
0.560	0.180	0.148	0.287	0.407	0.189	1
0.498	0.251	0.348	0.103	0.460	0.057	1
0.402	0.265	0.342	0.109	0.426	0.476	1
0.194	0.913	0.245	0.991	0.027	0.103	2
0.234	0.805	0.235	0.766	0.215	0.368	2
0.899	0.932	0.138	0.892	0.181	0.436	2
0.822	0.886	0.210	0.917	0.121	0.103	2
0.166	0.882	0.264	0.873	0.059	0.266	2
0.952	0.958	0.114	0.600	0.225	0.258	2
0.777	0.938	0.156	0.774	0.107	0.442	2
0.976	0.819	0.168	0.985	0.123	0.197	2
0.868	0.818	0.158	0.689	0.162	0.275	2
0.919	0.896	0.192	0.518	0.010	0.401	2
0.013	0.804	0.282	0.945	0.039	0.302	2
0.138	0.966	0.151	0.781	0.240	0.171	2
0.638	0.963	0.105	0.618	0.142	0.173	2
0.787	0.962	0.199	0.922	0.241	0.051	2
0.752	0.978	0.121	0.504	0.258	0.331	2
0.369	0.831	0.262	0.593	0.088	0.423	2
0.650	0.857	0.288	0.727	0.005	0.343	2
0.019	0.949	0.242	0.994	0.079	0.048	2
0.852	0.815	0.173	0.511	0.156	0.471	2
0.872	0.864	0.171	0.868	0.044	0.004	2
0.052	0.837	0.230	0.708	0.164	0.130	2
0.815	0.828	0.268	0.836	0.023	0.273	2
0.754	0.889	0.204	0.567	0.191	0.326	2
0.871	0.801	0.298	0.777	0.074	0.299	2
0.857	0.937	0.119	0.966	0.083	0.081	2
0.251	0.844	0.245	0.843	0.146	0.270	2
0.884	0.845	0.212	0.816	0.199	0.024	2
0.024	0.910	0.135	0.508	0.100	0.082	2
0.672	0.809	0.111	0.654	0.245	0.291	2
0.841	0.912	0.182	0.521	0.023	0.458	2
0.046	0.954	0.143	0.901	0.084	0.049	2
0.307	0.984	0.229	0.940	0.116	0.368	2
0.759	0.892	0.115	0.970	0.236	0.223	2
0.962	0.942	0.292	0.734	0.172	0.205	2
0.644	0.989	0.295	0.707	0.159	0.090	2
0.867	0.849	0.155	0.542	0.141	0.236	2
0.325	0.833	0.227	0.976	0.149	0.151	2
0.702	0.942	0.199	0.657	0.071	0.433	2
0.094	0.846	0.202	0.906	0.042	0.091	2
0.603	0.824	0.275	0.870	0.018	0.094	2
0.046	0.861	0.226	0.629	0.273	0.152	2
0.631	0.827	0.215	0.923	0.246	0.467	2
0.697	0.822	0.113	0.940	0.205	0.111	2
0.094	0.955	0.264	0.929	0.040	0.355	2
0.180	0.987	0.120	0.730	0.261	0.295	2
0.888	0.865	0.136	0.563	0.127	0.434	2
0.983	0.855	0.250	0.894	0.034	0.291	2
0.141	0.823	0.148	0.735	0.300	0.139	2
0.013	0.939	0.249	0.679	0.003	0.072	2
0.690	0.872	0.134	0.906	0.270	0.266	2
0.764	0.932	0.254	0.755	0.032	0.231	2
0.927	0.918	0.254	0.867	0.284	0.157	2
0.673	0.883	0.242	0.634	0.244	0.288	2
0.157	0.932	0.219	0.936	0.118	0.273	2
0.718	0.852	0.246	0.872	0.019	0.352	2
0.777	0.980	0.118	0.501	0.162	0.427	2
0.074	0.822	0.117	0.960	0.067	0.273	2
0.308	0.831	0.114	0.958	0.188	0.275	2
0.869	0.931	0.227	0.788	0.255	0.214	2
0.287	0.865	0.265	0.829	0.145	0.331	2
0.767	0.877	0.275	0.742	0.220	0.078	2
0.749	0.851	0.121	0.981	0.207	0.152	2
0.301	0.917	0.200	0.691	0.062	0.430	2
0.127	0.870	0.240	0.798	0.237	0.022	2
0.309	0.884	0.186	0.680	0.059	0.237	2
0.951	0.933	0.187	0.869	0.253	0.152	2
0.088	0.931	0.107	0.515	0.146	0.293	2
0.061	0.804	0.182	0.958	0.102	0.181	2
0.125	0.870	0.180	0.545	0.086	0.148	2
0.136	0.851	0.109	0.628	0.207	0.290	2
0.787	0.838	0.154	0.670	0.075	0.384	2
0.719	0.925	0.255	0.750	0.057	0.285	2
0.749	0.997	0.229	0.608	0.294	0.007	2
0.008	0.913	0.190	0.693	0.266	0.374	2
0.075	0.925	0.287	0.537	0.070	0.013	2
0.604	0.904	0.234	0.935	0.199	0.130	2
0.162	0.858	0.199	0.941	0.174	0.342	2
0.791	0.868	0.179	0.787	0.228	0.062	2
0.859	0.993	0.191	0.557	0.120	0.331	2
0.164	0.835	0.165	0.739	0.176	0.367	2
0.948	0.835	0.163	0.654	0.139	0.051	2
0.981	0.902	0.139	0.884	0.125	0.037	2
0.369	0.883	0.240	0.574	0.121	0.031	2
0.773	0.851	0.259	0.708	0.155	0.490	2
0.852	0.973	0.174	0.644	0.137	0.278	2
0.609	0.895	0.177	0.568	0.089	0.486	2
0.930	0.974	0.228	0.692	0.024	0.052	2
0.714	0.820	0.256	0.877	0.144	0.327	2
0.291	0.910	0.148	0.667	0.136	0.210	2
0.832	0.860	0.175	0.740	0.050	0.092	2
0.032	0.977	0.293	0.545	0.298	0.386	2
0.917	0.965	0.257	0.973	0.267	0.457	2
0.651	0.812	0.267	0.787	0.220	0.114	2
0.963	0.922	0.164	0.618	0.062	0.433	2
0.857	0.951	0.274	0.868	0.249	0.190	2
0.365	0.944	0.232	0.659	0.246	0.028	2
0.673	0.874	0.190	0.922	0.203	0.234	2
0.306	0.941	0.292	0.625	0.013	0.480	2
0.112	0.864	0.238	0.576	0.112	0.067	2
0.624	0.913	0.125	0.822	0.086	0.090	2
0.390	0.876	0.276	0.786	0.261	0.082	2
0.780	0.923	0.138	0.770	0.238	0.100	2
0.301	0.816	0.237	0.824	0.295	0.487	2
0.083	0.808	0.148	0.881	0.144	0.480	2
0.823	0.839	0.154	0.808	0.076	0.448	2
0.986	0.960	0.297	0.567	0.081	0.007	2
0.280	0.956	0.216	0.696	0.141	0.183	2
0.189	0.977	0.246	0.764	0.114	0.382	2
0.956	0.874	0.221	0.859	0.214	0.221	2
0.193	0.970	0.175	0.971	0.080	0.400	2
0.008	0.922	0.146	0.826	0.146	0.109	2
0.372	0.928	0.101	0.883	0.051	0.448	2
0.806	0.938	0.121	0.563	0.113	0.189	2
0.276	0.844	0.132	0.874	0.256	0.301	2
0.286	0.857	0.171	0.861	0.097	0.237	2
0.964	0.942	0.297	0.646	0.113	0.118	2
0.785	0.911	0.150	0.564	0.094	0.039	2
0.130	0.956	0.240	0.983	0.062	0.056	2
0.747	0.853	0.142	0.627	0.265	0.291	2
0.030	0.914	0.280	0.554	0.108	0.427	2
0.863	0.906	0.196	0.540	0.289	0.295	2
0.068	0.931	0.234	0.577	0.098	0.108	2
0.249	0.912	0.233	0.759	0.181	0.388	2
0.146	0.868	0.211	0.545	0.099	0.312	2
0.747	0.813	0.157	0.697	0.244	0.483	2
0.020	0.891	0.151	0.692	0.001	0.374	2
0.193	0.997	0.228	0.551	0.124	0.291	2
0.804	0.893	0.271	0.817	0.188	0.034	2
0.093	0.945	0.243	0.510	0.005	0.221	2
0.725	0.926	0.225	0.613	0.278	0.233	2
0.802	0.853	0.151	0.628	0.164	0.197	2
0.153	0.852	0.145	0.820	0.277	0.436	2
0.664	0.933	0.233	0.542	0.191	0.096	2
0.627	0.912	0.118	0.913	0.013	0.328	2
0.657	0.872	0.289	0.659	0.036	0.197	2
0.719	0.947	0.165	0.947	0.164	0.423	2
0.636	0.972	0.163	0.827	0.077	0.150	2
0.981	0.915	0.244	0.809	0.194	0.343	2
0.220	0.815	0.171	0.569	0.213	0.152	2
0.799	0.988	0.292	0.847	0.248	0.488	2
0.611	0.884	0.188	0.564	0.268	0.025	2
0.837	0.858	0.206	0.929	0.197	0.299	2
0.615	0.848	0.233	0.849	0.088	0.301	2
0.937	0.938	0.107	0.654	0.073	0.055	2
0.716	0.903	0.268	0.893	0.132	0.385	2
0.272	0.970	0.207	0.897	0.097	0.479	2
0.216	0.818	0.230	0.982	0.054	0.264	2
0.079	0.891	0.101	0.851	0.040	0.161	2
0.951	0.817	0.272	0.959	0.018	0.168	2
0.924	0.866	0.292	0.618	0.022	0.499	2
0.348	0.864	0.281	0.815	0.187	0.220	2
0.897	0.974	0.204	0.774	0.145	0.002	2
0.337	0.906	0.192	0.897	0.126	0.311	2
0.614	0.909	0.170	0.968	0.223	0.009	2
0.257	0.875	0.243	0.938	0.020	0.241	2
0.642	0.957	0.265	0.843	0.000	0.001	2
0.258	0.825	0.300	0.752	0.144	0.248	2
0.220	0.922	0.187	0.879	0.174	0.371	2
0.968	0.989	0.204	0.632	0.081	0.017	2
0.387	0.856	0.225	0.766	0.057	0.456	2
0.078	0.997	0.299	0.546	0.165	0.245	2
0.250	0.926	0.287	0.969	0.025	0.459	2
0.800	0.842	0.183	0.844	0.226	0.153	2
0.294	0.816	0.174	0.888	0.019	0.429	2
0.832	0.852	0.217	0.569	0.038	0.348	2
0.063	0.977	0.289	0.723	0.229	0.445	2
0.780	0.982	0.176	0.702	0.136	0.458	2
0.919	0.842	0.191	0.914	0.060	0.267	2
0.998	0.857	0.183	0.694	0.176	0.164	2
0.351	0.814	0.252	0.543	0.111	0.066	2
0.118	0.974	0.273	0.839	0.250	0.118	2
0.725	0.949	0.145	0.757	0.284	0.404	2
0.222	0.954	0.229	0.675	0.129	0.086	2
0.320	0.881	0.128	0.789	0.073	0.453	2
0.057	0.841	0.140	0.529	0.070	0.491	2
0.309	0.893	0.284	0.762	0.294	0.078	2
0.219	0.908	0.152	0.686	0.193	0.499	2
0.775	0.894	0.117	0.754	0.158	0.115	2
0.221	0.859	0.152	0.826	0.154	0.354	2
0.977	0.811	0.290	0.556	0.186	0.288	2
0.069	0.817	0.274	0.953	0.203	0.044	2
0.330	0.888	0.225	0.719	0.176	0.198	2
0.053	0.968	0.103	0.679	0.281	0.356	2
0.907	0.829	0.214	0.799	0.061	0.078	2
0.061	0.993	0.155	0.572	0.002	0.499	2
0.352	0.988	0.133	0.972	0.154	0.081	2
0.844	0.824	0.175	0.523	0.081	0.465	2
0.833	0.886	0.104	0.503	0.056	0.145	2
0.193	0.925	0.166	0.618	0.188	0.345	2
0.006	0.965	0.160	0.775	0.054	0.050	2
0.170	0.820	0.291	0.919	0.293	0.076	2
0.076	0.991	0.290	0.808	0.281	0.421	2
0.069	0.860	0.115	0.922	0.262	0.016	2
0.154	0.960	0.142	0.947	0.154	0.325	2
0.975	0.960	0.198	0.793	0.147	0.043	2
0.635	0.925	0.222	0.858	0.072	0.262	2
0.282	0.944	0.191	0.704	0.153	0.366	2
0.168	0.823	0.103	0.741	0.188	0.154	2
0.661	0.866	0.243	0.824	0.002	0.314	2
0.682	0.991	0.163	0.590	0.118	0.072	2
0.723	0.837	0.123	0.946	0.056	0.060	2
0.059	0.987	0.105	0.880	0.188	0.126	2
0.605	0.910	0.190	0.877	0.074	0.106	2
0.368	0.840	0.224	0.879	0.216	0.171	2
0.074	0.805	0.199	0.631	0.170	0.013	2
0.711	0.882	0.289	0.690	0.283	0.329	2
0.235	0.909	0.129	0.679	0.268	0.300	2
0.348	0.979	0.177	0.917	0.087	0.189	2
0.005	0.940	0.227	0.879	0.226	0.456	2
0.935	0.936	0.207	0.575	0.156	0.029	2
0.027	0.984	0.237	0.984	0.181	0.023	2
0.967	0.881	0.145	0.771	0.269	0.236	2
0.698	0.820	0.295	0.563	0.179	0.241	2
0.984	0.898	0.165	0.845	0.054	0.428	2
0.380	0.934	0.184	0.711	0.150	0.223	2
0.007	0.990	0.128	0.675	0.283	0.087	2
0.756	0.977	0.218	0.723	0.231	0.078	2
0.685	0.862	0.268	0.576	0.177	0.094	2
0.913	0.909	0.163	0.915	0.161	0.386	2
0.972	0.817	0.207	0.758	0.286	0.173	2
0.077	0.934	0.234	0.697	0.227	0.075	2
0.083	0.869	0.271	0.845	0.097	0.289	2
0.875	0.839	0.196	0.620	0.047	0.080	2
0.303	0.860	0.267	0.571	0.132	0.014	2
0.699	0.889	0.233	0.813	0.218	0.310	2
0.388	0.867	0.217	0.997	0.206	0.370	2
0.994	0.913	0.298	0.648	0.072	0.355	2
0.996	0.941	0.255	0.790	0.100	0.451	2
0.384	0.943	0.241	0.678	0.006	0.335	2
0.985	0.975	0.283	0.920	0.083	0.283	2
0.153	0.885	0.286	0.511	0.149	0.052	2
0.188	0.874	0.235	0.655	0.129	0.170	2
0.653	0.952	0.237	0.997	0.116	0.154	2
0.128	0.818	0.161	0.595	0.055	0.004	2
0.790	0.951	0.223	0.963	0.117	0.225	2
0.667	0.929	0.253	0.825	0.010	0.059	2
0.760	0.921	0.176	0.915	0.084	0.467	2
0.601	0.804	0.108	0.556	0.146	0.332	2
0.789	0.838	0.106	0.655	0.164	0.023	2
0.134	0.947	0.266	0.636	0.085	0.335	2
0.748	0.817	0.234	0.765	0.055	0.250	2
0.141	0.854	0.125	0.979	0.058	0.223	2
0.728	0.841	0.291	0.810	0.026	0.405	2
0.680	0.956	0.210	0.793	0.204	0.025	2
0.058	0.901	0.290	0.798	0.008	0.496	2
0.646	0.864	0.185	0.508	0.105	0.176	2
0.842	0.848	0.152	0.542	0.003	0.311	2
0.759	0.887	0.280	0.587	0.193	0.001	2
0.633	0.812	0.247	0.575	0.291	0.485	2
0.065	0.892	0.235	0.730	0.008	0.006	2
0.194	0.916	0.297	0.697	0.099	0.150	2
0.176	0.831	0.141	0.572	0.109	0.390	2
0.730	0.947	0.225	0.553	0.298	0.472	2
0.640	0.902	0.297	0.583	0.232	0.082	2
0.974	0.968	0.232	0.929	0.106	0.147	2
0.191	0.893	0.103	0.668	0.209	0.087	2
0.655	0.932	0.266	0.901	0.141	0.386	2
0.354	0.966	0.154	0.561	0.179	0.133	2
0.623	0.969	0.112	0.904	0.048	0.227	2
0.932	0.802	0.132	0.734	0.268	0.006	2
0.701	0.966	0.187	0.823	0.246	0.060	2
0.364	0.901	0.231	0.927	0.137	0.099	2
0.221	0.897	0.170	0.541	0.152	0.286	2
0.102	0.873	0.211	0.903	0.242	0.146	2
0.322	0.860	0.121	0.561	0.054	0.059	2
0.690	0.955	0.216	0.579	0.087	0.417	2
0.084	0.833	0.286	0.818	0.078	0.264	2
0.385	0.914	0.211	0.844	0.107	0.114	2
0.682	0.823	0.165	0.995	0.044	0.423	2
0.162	0.961	0.241	0.685	0.079	0.443	2
0.005	0.915	0.241	0.700	0.010	0.017	2
0.661	0.874	0.170	0.829	0.149	0.422	2
0.850	0.836	0.131	0.799	0.221	0.086	2
0.942	0.867	0.223	0.583	0.007	0.308	2
0.919	0.879	0.184	0.601	0.090	0.261	2
0.245	0.837	0.202	0.783	0.190	0.153	2
0.671	0.975	0.153	0.784	0.300	0.477	2
0.903	0.826	0.226	0.700	0.229	0.008	2
0.080	0.833	0.100	0.535	0.053	0.094	2
0.936	0.881	0.134	0.543	0.058	0.229	2
0.864	0.950	0.145	0.831	0.282	0.055	2
0.616	0.992	0.246	0.798	0.188	0.234	2
0.837	0.866	0.241	0.796	0.069	0.219	2
0.212	0.836	0.192	0.890	0.211	0.070	2
0.734	0.880	0.196	0.667	0.132	0.275	2
0.702	0.991	0.274	0.599	0.127	0.014	2
0.305	0.947	0.101	0.951	0.159	0.387	2
0.772	0.863	0.173	0.763	0.150	0.371	2
0.343	0.986	0.211	0.597	0.214	0.170	2
0.043	0.857	0.184	0.861	0.095	0.429	2
0.728	0.831	0.151	0.842	0.192	0.002	2
0.244	0.857	0.120	0.676	0.165	0.195	2
0.122	0.818	0.155	0.916	0.244	0.349	2
0.169	0.868	0.279	0.957	0.068	0.278	2
0.610	0.962	0.172	0.818	0.264	0.226	2
0.311	0.999	0.166	0.941	0.098	0.197	2
0.279	0.969	0.252	0.864	0.083	0.320	2
0.035	0.879	0.135	0.849	0.046	0.221	2
0.397	0.869	0.285	0.706	0.148	0.391	2
0.050	0.804	0.270	0.976	0.199	0.361	2
0.716	0.822	0.300	0.713	0.237	0.166	2
0.836	0.872	0.201	0.917	0.112	0.087	2
0.211	0.817	0.246	0.769	0.144	0.088	2
0.816	0.967	0.243	0.901	0.155	0.420	2
0.275	0.961	0.298	0.528	0.217	0.422	2
0.233	0.843	0.140	0.615	0.163	0.180	2
0.231	0.858	0.129	0.656	0.217	0.391	2
0.385	0.906	0.140	0.641	0.020	0.494	2
0.643	0.859	0.275	0.646	0.172	0.094	2
0.338	0.866	0.109	0.551	0.202	0.213	2
0.138	0.867	0.184	0.676	0.049	0.364	2
0.652	0.948	0.134	0.662	0.092	0.495	2
0.206	0.967	0.147	0.509	0.278	0.421	2
0.650	0.900	0.115	0.673	0.121	0.253	2
0.260	0.880	0.291	0.835	0.218	0.083	2
0.841	0.850	0.238	0.755	0.070	0.319	2
0.962	0.942	0.175	0.775	0.098	0.261	2
0.001	0.984	0.298	0.925	0.188	0.092	2
0.968	0.805	0.192	0.729	0.194	0.008	2
0.373	0.851	0.225	0.785	0.114	0.146	2
0.358	0.840	0.263	0.983	0.166	0.455	2
0.301	0.834	0.146	0.901	0.150	0.499	2
0.202	0.890	0.134	0.998	0.095	0.314	2
0.898	0.916	0.263	0.910	0.038	0.145	2
0.725	0.947	0.239	0.918	0.272	0.067	2
0.261	0.846	0.290	0.803	0.212	0.300	2
0.776	0.999	0.152	0.616	0.255	0.392	2
0.892	0.955	0.138	0.605	0.265	0.101	2
0.065	0.870	0.162	0.918	0.120	0.380	2
0.652	0.922	0.140	0.835	0.166	0.268	2
0.690	0.837	0.186	0.846	0.143	0.194	2
0.157	0.843	0.229	0.699	0.039	0.397	2
0.672	0.925	0.244	0.878	0.115	0.274	2
0.839	0.965	0.174	0.623	0.103	0.483	2
0.828	0.630	0.098	0.311	0.042	0.272	3
0.178	0.675	0.061	0.573	0.142	0.188	3
0.316	0.730	0.031	0.473	0.153	0.433	3
0.205	0.538	0.067	0.559	0.432	0.383	3
0.042	0.627	0.004	0.471	0.170	0.251	3
0.096	0.712	0.003	0.410	0.042	0.228	3
0.881	0.663	0.032	0.355	0.468	0.300	3
0.872	0.748	0.070	0.387	0.469	0.412	3
0.253	0.725	0.013	0.202	0.048	0.287	3
0.080	0.520	0.094	0.546	0.273	0.028	3
0.681	0.756	0.056	0.344	0.464	0.269	3
0.644	0.554	0.038	0.497	0.084	0.184	3
0.218	0.757	0.054	0.448	0.218	0.265	3
0.503	0.638	0.073	0.356	0.141	0.445	3
0.132	0.598	0.088	0.331	0.048	0.485	3
0.946	0.553	0.007	0.542	0.002	0.239	3
0.003	0.526	0.091	0.239	0.139	0.248	3
0.422	0.600	0.090	0.201	0.398	0.080	3
0.510	0.582	0.099	0.597	0.031	0.437	3
0.086	0.689	0.043	0.512	0.431	0.446	3
0.394	0.655	0.039	0.453	0.319	0.112	3
0.655	0.776	0.043	0.439	0.410	0.354	3
0.620	0.514	0.093	0.491	0.202	0.182	3
0.058	0.541	0.019	0.541	0.030	0.125	3
0.431	0.572	0.097	0.494	0.495	0.278	3
0.122	0.728	0.005	0.547	0.438	0.008	3
0.956	0.504	0.041	0.555	0.360	0.203	3
0.891	0.740	0.007	0.419	0.345	0.229	3
0.121	0.564	0.085	0.502	0.337	0.043	3
0.334	0.535	0.016	0.284	0.399	0.218	3
0.048	0.768	0.089	0.212	0.080	0.248	3
0.053	0.732	0.029	0.229	0.392	0.087	3
0.642	0.532	0.029	0.246	0.257	0.149	3
0.139	0.798	0.060	0.572	0.105	0.118	3
0.916	0.655	0.001	0.373	0.124	0.074	3
0.641	0.792	0.031	0.414	0.215	0.307	3
0.598	0.734	0.026	0.333	0.045	0.359	3
0.104	0.710	0.036	0.261	0.112	0.140	3
0.821	0.579	0.064	0.474	0.012	0.202	3
0.353	0.665	0.080	0.494	0.329	0.070	3
0.130	0.592	0.073	0.261	0.174	0.428	3
0.151	0.559	0.005	0.214	0.411	0.226	3
0.752	0.710	0.096	0.313	0.424	0.349	3
0.510	0.796	0.095	0.528	0.134	0.175	3
0.938	0.709	0.060	0.362	0.235	0.470	3
0.324	0.703	0.072	0.309	0.347	0.078	3
0.317	0.572	0.003	0.377	0.200	0.403	3
0.591	0.754	0.059	0.352	0.464	0.322	3
0.534	0.712	0.046	0.366	0.107	0.386	3
0.791	0.533	0.019	0.585	0.265	0.244	3
0.990	0.729	0.083	0.452	0.348	0.358	3
0.054	0.674	0.086	0.485	0.103	0.225	3
0.278	0.619	0.075	0.219	0.061	0.084	3
0.475	0.710	0.021	0.317	0.491	0.454	3
0.890	0.677	0.096	0.390	0.088	0.302	3
0.429	0.785	0.018	0.331	0.177	0.309	3
0.999	0.605	0.094	0.499	0.156	0.412	3
0.922	0.639	0.094	0.463	0.416	0.258	3
0.513	0.570	0.020	0.226	0.087	0.160	3
0.925	0.771	0.099	0.571	0.015	0.332	3
0.273	0.704	0.093	0.260	0.384	0.287	3
0.273	0.634	0.064	0.262	0.037	0.127	3
0.125	0.731	0.061	0.534	0.164	0.009	3
0.053	0.502	0.037	0.374	0.130	0.416	3
0.657	0.577	0.070	0.242	0.159	0.189	3
0.476	0.561	0.059	0.427	0.474	0.325	3
0.734	0.748	0.021	0.400	0.364	0.427	3
0.015	0.731	0.056	0.515	0.163	0.111	3
0.440	0.736	0.082	0.276	0.364	0.254	3
0.093	0.677	0.045	0.308	0.059	0.457	3
0.819	0.640	0.006	0.500	0.446	0.441	3
0.838	0.631	0.096	0.441	0.197	0.194	3
0.720	0.693	0.062	0.240	0.306	0.380	3
0.336	0.516	0.090	0.469	0.275	0.251	3
0.271	0.657	0.034	0.478	0.414	0.284	3
0.524	0.532	0.010	0.566	0.024	0.092	3
0.868	0.687	0.082	0.371	0.035	0.345	3
0.191	0.752	0.098	0.261	0.396	0.233	3
0.205	0.537	0.005	0.294	0.399	0.286	3
0.690	0.581	0.086	0.425	0.038	0.393	3
0.682	0.504	0.013	0.501	0.126	0.074	3
0.767	0.779	0.055	0.440	0.333	0.101	3
0.598	0.637	0.097	0.541	0.270	0.340	3
0.455	0.526	0.062	0.592	0.066	0.052	3
0.795	0.685	0.003	0.230	0.137	0.337	3
0.223	0.668	0.094	0.582	0.310	0.202	3
0.917	0.513	0.033	0.416	0.029	0.042	3
0.570	0.798	0.031	0.370	0.080	0.041	3
0.141	0.698	0.078	0.580	0.090	0.239	3
0.907	0.695	0.045	0.379	0.124	0.181	3
0.189	0.518	0.029	0.520	0.113	0.172	3
0.031	0.653	0.058	0.575	0.336	0.273	3
0.544	0.716	0.037	0.570	0.431	0.042	3
0.572	0.648	0.050	0.356	0.343	0.444	3
0.185	0.637	0.098	0.582	0.416	0.380	3
0.683	0.592	0.044	0.404	0.145	0.312	3
0.729	0.520	0.083	0.242	0.081	0.439	3
0.795	0.655	0.043	0.479	0.468	0.254	3
0.652	0.787	0.098	0.300	0.415	0.498	3
0.542	0.759	0.010	0.323	0.066	0.457	3
0.324	0.524	0.040	0.573	0.266	0.055	3
0.967	0.509	0.040	0.421	0.151	0.363	3
0.781	0.541	0.030	0.362	0.425	0.074	3
0.854	0.609	0.095	0.569	0.477	0.435	3
0.656	0.702	0.017	0.414	0.495	0.056	3
0.466	0.556	0.075	0.525	0.245	0.233	3
0.347	0.552	0.022	0.461	0.158	0.310	3
0.117	0.677	0.085	0.582	0.061	0.068	3
0.397	0.743	0.033	0.294	0.136	0.390	3
0.912	0.683	0.080	0.257	0.038	0.021	3
0.190	0.508	0.078	0.365	0.346	0.258	3
0.573	0.790	0.018	0.375	0.420	0.392	3
0.373	0.673	0.022	0.212	0.191	0.278	3
0.583	0.627	0.006	0.579	0.189	0.102	3
0.995	0.518	0.047	0.246	0.340	0.190	3
0.919	0.522	0.026	0.562	0.105	0.329	3
0.101	0.633	0.064	0.269	0.481	0.252	3
0.409	0.694	0.015	0.427	0.462	0.082	3
0.527	0.619	0.062	0.547	0.219	0.253	3
0.216	0.560	0.024	0.243	0.004	0.161	3
0.839	0.679	0.025	0.262	0.083	0.090	3
0.126	0.541	0.012	0.333	0.038	0.314	3
0.778	0.659	0.054	0.567	0.049	0.083	3
0.269	0.747	0.041	0.466	0.155	0.141	3
0.244	0.656	0.096	0.489	0.489	0.193	3
0.486	0.676	0.072	0.380	0.250	0.108	3
0.692	0.798	0.026	0.262	0.092	0.219	3
0.944	0.513	0.059	0.271	0.165	0.247	3
0.907	0.571	0.062	0.489	0.080	0.028	3
0.633	0.582	0.098	0.513	0.258	0.421	3
0.419	0.514	0.053	0.239	0.344	0.264	3
0.195	0.613	0.016	0.432	0.043	0.166	3
0.358	0.743	0.055	0.563	0.128	0.399	3
0.020	0.654	0.019	0.210	0.276	0.452	3
0.260	0.725	0.049	0.232	0.458	0.372	3
0.778	0.631	0.062	0.501	0.384	0.256	3
0.324	0.522	0.045	0.203	0.164	0.445	3
0.487	0.515	0.093	0.539	0.108	0.179	3
0.760	0.763	0.099	0.450	0.185	0.253	3
0.906	0.619	0.007	0.476	0.470	0.330	3
0.315	0.707	0.002	0.471	0.191	0.368	3
0.369	0.757	0.094	0.577	0.354	0.017	3
0.613	0.644	0.061	0.267	0.122	0.035	3
0.346	0.586	0.072	0.491	0.463	0.258	3
0.840	0.795	0.019	0.260	0.320	0.034	3
0.760	0.502	0.089	0.254	0.298	0.385	3
0.322	0.538	0.091	0.466	0.176	0.426	3
0.690	0.643	0.049	0.450	0.013	0.483	3
0.809	0.548	0.070	0.483	0.063	0.217	3
0.298	0.701	0.037	0.577	0.090	0.108	3
0.804	0.530	0.016	0.499	0.256	0.250	3
0.812	0.784	0.030	0.405	0.205	0.191	3
0.937	0.748	0.066	0.306	0.099	0.358	3
0.100	0.612	0.062	0.297	0.477	0.191	3
0.353	0.512	0.004	0.362	0.367	0.072	3
0.744	0.549	0.044	0.203	0.416	0.486	3
0.199	0.502	0.015	0.481	0.007	0.377	3
0.708	0.502	0.087	0.580	0.451	0.143	3
0.670	0.766	0.064	0.366	0.376	0.218	3
0.476	0.698	0.039	0.598	0.252	0.060	3
0.661	0.792	0.099	0.507	0.041	0.147	3
0.176	0.595	0.031	0.543	0.316	0.142	3
0.871	0.518	0.098	0.592	0.351	0.156	3
0.422	0.703	0.071	0.552	0.400	0.457	3
0.217	0.686	0.039	0.447	0.170	0.424	3
0.667	0.752	0.094	0.216	0.296	0.463	3
0.673	0.571	0.085	0.316	0.011	0.312	3
0.549	0.629	0.012	0.321	0.307	0.172	3
0.079	0.576	0.097	0.359	0.222	0.097	3
0.172	0.640	0.004	0.395	0.426	0.204	3
0.184	0.554	0.058	0.589	0.432	0.015	3
0.414	0.753	0.067	0.459	0.255	0.434	3
0.038	0.779	0.033	0.343	0.101	0.290	3
0.242	0.539	0.082	0.531	0.115	0.001	3
0.983	0.637	0.022	0.454	0.297	0.407	3
0.609	0.763	0.076	0.524	0.025	0.164	3
0.840	0.739	0.036	0.382	0.168	0.437	3
0.828	0.595	0.056	0.341	0.359	0.005	3
0.414	0.510	0.010	0.599	0.088	0.262	3
0.350	0.717	0.037	0.219	0.449	0.205	3
0.213	0.504	0.078	0.371	0.004	0.113	3
0.627	0.619	0.033	0.485	0.240	0.052	3
0.301	0.516	0.076	0.312	0.254	0.291	3
0.226	0.661	0.074	0.570	0.291	0.072	3
0.357	0.576	0.063	0.499	0.391	0.495	3
0.534	0.777	0.001	0.563	0.458	0.070	3
0.490	0.586	0.077	0.545	0.001	0.136	3
0.327	0.640	0.037	0.450	0.020	0.056	3
0.969	0.749	0.076	0.215	0.489	0.472	3
0.080	0.632	0.031	0.423	0.262	0.393	3
0.919	0.523	0.098	0.358	0.496	0.386	3
0.272	0.540	0.011	0.263	0.154	0.192	3
0.092	0.782	0.056	0.493	0.288	0.039	3
0.979	0.638	0.093	0.403	0.285	0.273	3
0.146	0.733	0.005	0.530	0.380	0.045	3
0.866	0.759	0.073	0.299	0.491	0.178	3
0.366	0.685	0.037	0.269	0.064	0.251	3
0.151	0.680	0.011	0.296	0.408	0.013	3
0.516	0.787	0.044	0.238	0.121	0.055	3
0.394	0.584	0.006	0.572	0.161	0.482	3
0.467	0.601	0.036	0.349	0.167	0.107	3
0.843	0.528	0.016	0.490	0.389	0.272	3
0.400	0.779	0.022	0.365	0.359	0.057	3
0.790	0.527	0.088	0.248	0.057	0.001	3
0.822	0.621	0.090	0.247	0.123	0.395	3
0.720	0.537	0.077	0.438	0.144	0.192	3
0.197	0.607	0.029	0.348	0.034	0.221	3
0.177	0.547	0.088	0.475	0.338	0.250	3
0.877	0.656	0.061	0.281	0.133	0.121	3
0.046	0.711	0.013	0.528	0.169	0.174	3
0.020	0.784	0.084	0.335	0.182	0.097	3
0.533	0.557	0.058	0.533	0.302	0.184	3
0.501	0.561	0.062	0.568	0.182	0.299	3
0.329	0.528	0.026	0.308	0.228	0.185	3
0.265	0.671	0.038	0.541	0.450	0.062	3
0.470	0.696	0.090	0.501	0.078	0.393	3
0.323	0.788	0.077	0.241	0.107	0.488	3
0.046	0.773	0.097	0.533	0.061	0.177	3
0.481	0.577	0.038	0.597	0.461	0.073	3
0.372	0.720	0.074	0.569	0.189	0.026	3
0.062	0.597	0.073	0.339	0.097	0.077	3
0.321	0.637	0.038	0.583	0.476	0.259	3
0.237	0.774	0.046	0.563	0.332	0.030	3
0.397	0.633	0.096	0.386	0.174	0.417	3
0.159	0.570	0.042	0.304	0.196	0.478	3
0.684	0.785	0.000	0.532	0.329	0.438	3
0.910	0.723	0.076	0.209	0.229	0.223	3
0.082	0.562	0.038	0.380	0.078	0.040	3
0.272	0.598	0.095	0.506	0.045	0.470	3
0.270	0.687	0.070	0.410	0.006	0.334	3
0.590	0.698	0.084	0.429	0.004	0.436	3
0.541	0.661	0.084	0.234	0.252	0.001	3
0.443	0.535	0.014	0.550	0.198	0.100	3
0.088	0.770	0.010	0.527	0.180	0.424	3
0.519	0.572	0.017	0.395	0.056	0.387	3
0.522	0.679	0.041	0.246	0.013	0.448	3
0.985	0.545	0.036	0.396	0.479	0.140	3
0.226	0.545	0.022	0.423	0.175	0.479	3
0.759	0.789	0.020	0.524	0.205	0.367	3
0.798	0.736	0.020	0.585	0.360	0.360	3
0.415	0.676	0.014	0.215	0.467	0.248	3
0.120	0.708	0.043	0.503	0.477	0.489	3
0.024	0.737	0.061	0.241	0.473	0.490	3
0.646	0.701	0.058	0.342	0.045	0.339	3
0.978	0.753	0.085	0.240	0.341	0.095	3
0.246	0.506	0.002	0.508	0.489	0.006	3
0.854	0.600	0.091	0.441	0.316	0.166	3
0.418	0.750	0.047	0.396	0.450	0.133	3
0.576	0.557	0.041	0.329	0.401	0.345	3
0.875	0.652	0.098	0.304	0.283	0.430	3
0.559	0.554	0.088	0.218	0.444	0.469	3
0.435	0.650	0.023	0.203	0.317	0.238	3
0.160	0.643	0.080	0.280	0.264	0.001	3
0.737	0.793	0.065	0.527	0.230	0.427	3
0.636	0.533	0.035	0.354	0.023	0.242	3
0.712	0.512	0.027	0.323	0.018	0.078	3
0.890	0.606	0.079	0.443	0.297	0.258	3
0.739	0.785	0.056	0.364	0.498	0.268	3
0.569	0.575	0.023	0.553	0.155	0.393	3
0.258	0.695	0.024	0.585	0.187	0.353	3
0.632	0.706	0.036	0.254	0.021	0.127	3
0.092	0.636	0.051	0.212	0.038	0.003	3
0.215	0.639	0.089	0.315	0.163	0.442	3
0.940	0.755	0.076	0.316	0.135	0.301	3
0.589	0.510	0.042	0.432	0.328	0.216	3
0.482	0.686	0.058	0.297	0.327	0.019	3
0.197	0.637	0.036	0.215	0.352	0.039	3
0.164	0.679	0.070	0.334	0.118	0.225	3
0.124	0.604	0.001	0.272	0.463	0.180	3
0.134	0.682	0.093	0.397	0.207	0.156	3
0.994	0.626	0.081	0.497	0.496	0.260	3
0.872	0.538	0.059	0.517	0.139	0.271	3
0.103	0.591	0.014	0.379	0.385	0.490	3
0.919	0.633	0.025	0.339	0.348	0.174	3
0.661	0.564	0.028	0.348	0.491	0.155	3
0.588	0.758	0.087	0.469	0.099	0.054	3
0.283	0.775	0.070	0.464	0.203	0.266	3
0.852	0.766	0.037	0.226	0.446	0.481	3
0.353	0.616	0.084	0.556	0.165	0.101	3
0.527	0.783	0.071	0.473	0.222	0.386	3
0.593	0.596	0.036	0.351	0.043	0.082	3
0.610	0.617	0.055	0.258	0.402	0.182	3
0.112	0.655	0.036	0.325	0.439	0.178	3
0.994	0.595	0.087	0.469	0.335	0.435	3
0.330	0.770	0.023	0.422	0.301	0.242	3
0.947	0.720	0.013	0.508	0.357	0.110	3
0.563	0.717	0.075	0.337	0.082	0.384	3
0.586	0.595	0.074	0.446	0.164	0.324	3
0.605	0.550	0.078	0.248	0.391	0.175	3
0.116	0.799	0.073	0.311	0.085	0.137	3
0.490	0.592	0.028	0.247	0.489	0.147	3
0.935	0.573	0.053	0.568	0.471	0.262	3
0.583	0.795	0.026	0.220	0.182	0.204	3
0.675	0.749	0.029	0.233	0.365	0.181	3
0.447	0.747	0.043	0.504	0.001	0.205	3
0.983	0.625	0.030	0.245	0.472	0.437	3
0.332	0.540	0.059	0.344	0.486	0.091	3
0.303	0.574	0.048	0.468	0.071	0.461	3
0.858	0.540	0.022	0.466	0.424	0.060	3
0.049	0.671	0.013	0.257	0.080	0.049	3
0.336	0.586	0.053	0.411	0.055	0.354	3
0.485	0.630	0.022	0.446	0.371	0.161	3
0.275	0.557	0.009	0.513	0.020	0.328	3
0.169	0.717	0.089	0.550	0.172	0.433	3
0.988	0.753	0.055	0.299	0.174	0.012	3
0.198	0.570	0.059	0.487	0.020	0.308	3
0.734	0.671	0.086	0.340	0.392	0.436	3
0.469	0.740	0.020	0.398	0.189	0.416	3
0.608	0.581	0.073	0.418	0.078	0.006	3
0.967	0.594	0.016	0.480	0.365	0.274	3
0.397	0.524	0.001	0.505	0.264	0.247	3
0.553	0.692	0.063	0.560	0.495	0.104	3
0.807	0.744	0.055	0.467	0.027	0.204	3
0.900	0.565	0.047	0.249	0.333	0.451	3
0.902	0.771	0.072	0.430	0.339	0.312	3
0.167	0.561	0.019	0.338	0.072	0.490	3
0.251	0.741	0.057	0.300	0.008	0.476	3
0.598	0.727	0.049	0.345	0.248	0.276	3
0.117	0.537	0.023	0.542	0.497	0.070	3
0.619	0.524	0.065	0.534	0.216	0.340	3
0.137	0.765	0.009	0.478	0.155	0.010	3
0.032	0.641	0.095	0.556	0.489	0.388	3
0.221	0.678	0.027	0.322	0.242	0.454	3
0.721	0.695	0.034	0.240	0.068	0.476	3
0.926	0.757	0.053	0.503	0.106	0.105	3
0.784	0.540	0.006	0.272	0.120	0.343	3
0.302	0.645	0.096	0.574	0.426	0.477	3
0.221	0.640	0.033	0.248	0.394	0.189	3
0.164	0.515	0.008	0.505	0.134	0.346	3
0.253	0.641	0.002	0.576	0.217	0.439	3
0.911	0.798	0.030	0.280	0.408	0.497	3
0.009	0.710	0.026	0.414	0.183	0.135	3
0.433	0.599	0.072	0.592	0.028	0.170	3
0.709	0.680	0.016	0.422	0.286	0.304	3
0.446	0.002	0.980	0.683	0.538	0.994	4
0.510	0.045	0.733	0.384	0.409	0.702	4
0.548	0.012	0.926	0.126	0.443	0.959	4
0.463	0.055	0.969	0.724	0.410	0.563	4
0.568	0.052	0.755	0.696	0.256	0.798	4
0.465	0.022	0.934	0.211	0.365	0.943	4
0.583	0.034	0.855	0.401	0.574	0.927	4
0.496	0.019	0.872	0.710	0.371	0.982	4
0.437	0.003	0.789	0.396	0.552	0.853	4
0.454	0.051	0.773	0.600	0.215	0.826	4
0.565	0.013	0.949	0.453	0.345	0.693	4
0.436	0.006	0.998	0.431	0.592	0.655	4
0.458	0.009	0.813	0.511	0.240	0.723	4
0.486	0.008	0.864	0.151	0.286	0.647	4
0.485	0.057	0.792	0.421	0.425	0.540	4
0.416	0.049	0.783	0.129	0.369	0.888	4
0.454	0.057	0.887	0.117	0.479	0.654	4
0.472	0.000	0.725	0.732	0.413	0.583	4
0.409	0.001	0.914	0.277	0.402	0.518	4
0.533	0.004	0.758	0.161	0.254	0.578	4
0.542	0.027	0.914	0.345	0.372	0.645	4
0.402	0.035	0.942	0.719	0.569	0.508	4
0.468	0.014	0.973	0.425	0.498	0.642	4
0.522	0.053	0.771	0.768	0.257	0.518	4
0.594	0.028	0.832	0.551	0.569	0.620	4
0.417	0.044	0.794	0.708	0.486	0.790	4
0.572	0.058	0.719	0.434	0.496	0.569	4
0.435	0.010	0.709	0.112	0.201	0.660	4
0.593	0.054	0.715	0.225	0.205	0.877	4
0.419	0.021	0.998	0.171	0.317	0.938	4
0.433	0.054	0.763	0.490	0.246	0.789	4
0.469	0.034	0.948	0.321	0.534	0.505	4
0.596	0.059	0.937	0.491	0.595	0.662	4
0.535	0.031	0.907	0.131	0.502	0.571	4
0.573	0.008	0.795	0.574	0.227	0.940	4
0.590	0.024	0.766	0.641	0.393	0.934	4
0.516	0.046	0.898	0.626	0.410	0.808	4
0.569	0.045	0.852	0.510	0.251	0.824	4
0.433	0.015	0.831	0.222	0.345	0.537	4
0.414	0.047	0.801	0.372	0.217	0.870	4
0.542	0.013	0.812	0.595	0.355	0.516	4
0.439	0.012	0.930	0.553	0.237	0.916	4
0.529	0.005	0.886	0.500	0.424	0.988	4
0.476	0.003	0.717	0.164	0.314	0.848	4
0.488	0.010	0.992	0.471	0.279	0.985	4
0.467	0.029	0.773	0.441	0.309	0.752	4
0.481	0.039	0.891	0.214	0.382	0.913	4
0.452	0.056	0.739	0.180	0.468	0.632	4
0.416	0.006	0.916	0.409	0.531	0.709	4
0.405	0.008	0.736	0.242	0.402	0.519	4
0.567	0.021	0.912	0.246	0.555	0.908	4
0.575	0.016	0.751	0.152	0.203	0.704	4
0.503	0.049	0.720	0.777	0.287	0.896	4
0.543	0.017	0.813	0.262	0.469	0.906	4
0.522	0.019	0.939	0.664	0.338	0.517	4
0.500	0.010	0.968	0.200	0.581	0.518	4
0.408	0.003	0.978	0.161	0.488	0.592	4
0.519	0.053	0.858	0.696	0.204	0.665	4
0.541	0.034	0.750	0.661	0.234	0.799	4
0.555	0.053	0.742	0.779	0.554	0.582	4
0.412	0.051	0.853	0.314	0.281	0.694	4
0.458	0.033	0.958	0.101	0.586	0.879	4
0.486	0.024	0.756	0.324	0.464	0.507	4
0.551	0.045	0.845	0.276	0.548	0.529	4
0.466	0.016	0.833	0.694	0.421	0.698	4
0.550	0.054	0.905	0.729	0.212	0.910	4
0.584	0.013	0.906	0.628	0.221	0.509	4
0.564	0.006	0.846	0.174	0.494	0.980	4
0.557	0.029	0.991	0.425	0.327	0.621	4
0.416	0.051	0.752	0.282	0.248	0.651	4
0.502	0.031	0.797	0.310	0.553	0.727	4
0.584	0.053	0.978	0.559	0.393	0.607	4
0.590	0.040	0.818	0.480	0.443	0.671	4
0.458	0.034	0.958	0.210	0.359	0.794	4
0.576	0.059	0.904	0.377	0.317	0.974	4
0.532	0.028	0.858	0.422	0.422	0.950	4
0.512	0.058	0.739	0.449	0.398	0.881	4
0.448	0.031	0.944	0.636	0.463	0.986	4
0.599	0.040	0.747	0.536	0.414	0.707	4
0.436	0.047	0.703	0.603	0.473	0.658	4
0.583	0.041	0.990	0.566	0.422	0.516	4
0.442	0.018	0.726	0.484	0.455	0.852	4
0.436	0.056	0.955	0.755	0.354	0.827	4
0.584	0.048	0.870	0.365	0.327	0.943	4
0.409	0.014	0.827	0.197	0.307	0.711	4
0.591	0.060	0.703	0.549	0.554	0.989	4
0.568	0.034	0.973	0.316	0.531	0.807	4
0.529	0.010	0.991	0.489	0.557	0.674	4
0.543	0.040	0.804	0.302	0.365	0.924	4
0.420	0.004	0.791	0.435	0.220	0.664	4
0.538	0.003	0.758	0.178	0.485	0.511	4
0.468	0.015	0.997	0.755	0.369	0.648	4
0.572	0.052	0.715	0.747	0.487	0.891	4
0.448	0.025	0.759	0.751	0.483	0.583	4
0.502	0.015	0.729	0.692	0.322	0.745	4
0.569	0.060	0.949	0.119	0.264	0.717	4
0.403	0.022	0.911	0.304	0.340	0.918	4
0.441	0.049	0.997	0.432	0.244	0.694	4
0.550	0.042	0.977	0.132	0.562	0.656	4
0.481	0.025	0.909	0.413	0.335	0.554	4
0.546	0.053	0.936	0.387	0.213	0.962	4
0.433	0.053	0.912	0.235	0.388	0.653	4
0.510	0.020	0.763	0.420	0.595	0.758	4
0.486	0.039	0.944	0.542	0.284	0.997	4
0.426	0.044	0.919	0.394	0.551	0.571	4
0.541	0.026	0.946	0.521	0.459	0.671	4
0.594	0.029	0.938	0.673	0.415	0.964	4
0.421	0.038	0.816	0.530	0.566	0.987	4
0.419	0.040	0.741	0.766	0.276	0.888	4
0.600	0.052	0.762	0.529	0.348	0.603	4
0.499	0.018	0.881	0.690	0.399	0.645	4
0.556	0.014	0.822	0.656	0.559	0.808	4
0.536	0.059	0.764	0.578	0.555	0.547	4
0.526	0.038	0.930	0.199	0.338	0.765	4
0.427	0.001	0.820	0.268	0.424	0.849	4
0.436	0.007	0.775	0.677	0.549	0.881	4
0.549	0.048	0.769	0.512	0.294	0.908	4
0.563	0.027	0.817	0.192	0.561	0.580	4
0.531	0.038	0.710	0.704	0.466	0.950	4
0.569	0.034	0.853	0.131	0.440	0.571	4
0.403	0.000	0.758	0.503	0.224	0.712	4
0.594	0.018	0.766	0.133	0.210	0.796	4
0.551	0.004	0.956	0.329	0.586	0.600	4
0.489	0.031	0.842	0.163	0.582	0.525	4
0.582	0.004	0.718	0.440	0.472	0.847	4
0.593	0.041	0.812	0.161	0.552	0.616	4
0.454	0.049	0.814	0.580	0.252	0.527	4
0.556	0.003	0.761	0.516	0.212	0.723	4
0.581	0.053	0.741	0.551	0.253	0.571	4
0.489	0.044	0.872	0.562	0.300	0.743	4
0.538	0.033	0.822	0.798	0.281	0.784	4
0.532	0.014	0.742	0.192	0.313	0.538	4
0.471	0.017	0.853	0.436	0.410	0.615	4
0.409	0.041	0.807	0.725	0.386	0.932	4
0.505	0.017	0.715	0.726	0.375	0.740	4
0.590	0.018	0.894	0.661	0.589	0.714	4
0.581	0.052	0.903	0.707	0.414	0.775	4
0.495	0.029	0.945	0.243	0.481	0.787	4
0.482	0.002	0.855	0.422	0.524	0.681	4
0.495	0.006	0.995	0.177	0.345	0.823	4
0.595	0.021	0.904	0.238	0.355	0.659	4
0.544	0.057	0.707	0.252	0.518	0.663	4
0.581	0.014	0.864	0.132	0.243	0.549	4
0.529	0.047	0.868	0.131	0.385	0.857	4
0.402	0.026	0.825	0.367	0.552	0.949	4
0.563	0.002	0.883	0.478	0.558	0.648	4
0.475	0.001	0.942	0.675	0.525	0.957	4
0.573	0.051	0.850	0.452	0.312	0.754	4
0.471	0.008	0.701	0.273	0.292	0.606	4
0.405	0.017	0.747	0.235	0.453	0.743	4
0.492	0.020	0.915	0.233	0.282	0.727	4
0.435	0.003	0.953	0.430	0.543	0.784	4
0.407	0.049	0.776	0.129	0.533	0.597	4
0.468	0.058	0.802	0.591	0.460	0.962	4
0.400	0.040	0.839	0.371	0.336	0.866	4
0.538	0.058	0.981	0.529	0.424	0.832	4
0.563	0.035	0.909	0.110	0.290	0.862	4
0.515	0.006	0.705	0.202	0.431	0.715	4
0.479	0.023	0.754	0.691	0.557	0.968	4
0.544	0.060	0.943	0.209	0.349	0.749	4
0.444	0.035	0.931	0.306	0.529	0.823	4
0.512	0.004	0.903	0.579	0.563	0.954	4
0.556	0.025	0.872	0.231	0.593	0.699	4
0.548	0.020	0.889	0.270	0.288	0.576	4
0.496	0.035	0.991	0.460	0.287	0.903	4
0.437	0.020	0.985	0.334	0.324	0.695	4
0.506	0.040	0.831	0.747	0.389	0.622	4
0.497	0.050	0.852	0.204	0.406	0.540	4
0.516	0.042	0.757	0.736	0.254	0.628	4
0.451	0.057	0.732	0.119	0.325	0.640	4
0.591	0.003	0.961	0.235	0.357	0.747	4
0.578	0.016	0.766	0.798	0.392	0.893	4
0.561	0.009	0.867	0.694	0.323	0.508	4
0.489	0.030	0.917	0.259	0.370	0.763	4
0.427	0.035	0.739	0.194	0.367	0.824	4
0.535	0.001	0.905	0.740	0.580	0.743	4
0.503	0.038	0.811	0.114	0.546	0.529	4
0.566	0.036	0.987	0.547	0.248	0.836	4
0.474	0.032	0.823	0.625	0.449	0.523	4
0.550	0.019	0.762	0.614	0.466	0.677	4
0.417	0.021	0.720	0.608	0.216	0.703	4
0.542	0.033	0.734	0.641	0.307	0.513	4
0.524	0.041	0.704	0.321	0.556	0.749	4
0.551	0.046	0.953	0.573	0.322	0.609	4
0.424	0.003	0.796	0.108	0.289	0.752	4
0.561	0.019	0.826	0.387	0.554	0.693	4
0.581	0.019	0.904	0.599	0.483	0.999	4
0.483	0.024	0.820	0.563	0.505	0.878	4
0.497	0.030	0.877	0.507	0.487	0.638	4
0.597	0.059	0.769	0.254	0.344	0.524	4
0.518	0.006	0.720	0.271	0.299	0.758	4
0.503	0.048	0.978	0.196	0.352	0.777	4
0.551	0.021	0.948	0.613	0.485	0.742	4
0.406	0.044	0.714	0.164	0.388	0.534	4
0.600	0.035	0.885	0.654	0.584	0.590	4
0.543	0.052	0.912	0.509	0.272	0.811	4
0.407	0.006	0.743	0.632	0.325	0.671	4
0.457	0.030	0.724	0.749	0.544	0.991	4
0.553	0.025	0.794	0.378	0.216	0.672	4
0.487	0.028	0.731	0.180	0.320	0.595	4
0.472	0.054	0.876	0.481	0.467	0.749	4
0.404	0.011	0.774	0.756	0.533	0.725	4
0.570	0.048	0.722	0.523	0.417	0.665	4
0.515	0.045	0.938	0.647	0.265	0.939	4
0.420	0.008	0.822	0.309	0.403	0.896	4
0.581	0.059	0.954	0.602	0.427	0.778	4
0.450	0.048	0.935	0.215	0.597	0.941	4
0.570	0.005	0.755	0.487	0.236	0.800	4
0.599	0.013	0.820	0.584	0.465	0.737	4
0.402	0.007	0.778	0.536	0.257	0.844	4
0.531	0.015	0.758	0.751	0.498	0.801	4
0.576	0.055	0.734	0.130	0.356	0.879	4
0.575	0.001	0.774	0.647	0.337	0.865	4
0.418	0.012	0.835	0.265	0.597	0.635	4
0.540	0.046	0.758	0.120	0.391	0.939	4
0.486	0.050	0.734	0.415	0.263	0.799	4
0.423	0.039	0.975	0.466	0.309	0.864	4
0.433	0.053	0.738	0.752	0.465	0.880	4
0.506	0.050	0.765	0.575	0.408	0.560	4
0.480	0.040	0.936	0.337	0.301	0.896	4
0.471	0.053	0.866	0.641	0.586	0.764	4
0.530	0.037	0.941	0.686	0.588	0.829	4
0.563	0.001	0.926	0.234	0.589	0.645	4
0.487	0.041	0.740	0.208	0.296	0.805	4
0.422	0.005	0.832	0.119	0.481	0.782	4
0.495	0.032	0.744	0.594	0.588	0.737	4
0.496	0.054	0.766	0.143	0.497	0.517	4
0.456	0.055	0.958	0.551	0.315	0.621	4
0.452	0.040	0.968	0.344	0.207	0.778	4
0.404	0.059	0.801	0.436	0.329	0.942	4
0.542	0.003	0.908	0.215	0.204	0.963	4
0.456	0.001	0.701	0.503	0.292	0.574	4
0.507	0.015	0.782	0.246	0.510	0.515	4
0.562	0.003	0.798	0.502	0.579	0.766	4
0.410	0.024	0.778	0.430	0.489	0.803	4
0.513	0.054	0.822	0.381	0.331	0.743	4
0.499	0.021	0.823	0.235	0.244	0.915	4
0.442	0.009	0.772	0.210	0.230	0.589	4
0.531	0.044	0.980	0.670	0.249	0.923	4
0.584	0.011	0.960	0.649	0.387	0.997	4
0.528	0.055	0.734	0.658	0.521	0.652	4
0.535	0.034	0.790	0.764	0.234	0.598	4
0.403	0.058	0.840	0.500	0.378	0.903	4
0.459	0.042	0.705	0.187	0.511	0.940	4
0.517	0.008	0.880	0.647	0.571	0.512	4
0.441	0.031	0.989	0.333	0.490	0.794	4
0.534	0.046	0.836	0.354	0.301	0.517	4
0.502	0.043	0.769	0.449	0.573	0.798	4
0.514	0.041	0.703	0.646	0.514	0.619	4
0.424	0.001	0.779	0.647	0.439	0.512	4
0.553	0.022	0.868	0.156	0.220	0.971	4
0.524	0.001	0.740	0.560	0.443	0.778	4
0.515	0.043	0.798	0.208	0.380	0.703	4
0.455	0.044	0.831	0.732	0.220	0.791	4
0.498	0.059	0.945	0.696	0.269	0.923	4
0.577	0.041	0.859	0.787	0.549	0.580	4
0.577	0.049	0.808	0.296	0.403	0.768	4
0.467	0.042	0.813	0.523	0.524	0.596	4
0.544	0.049	0.779	0.648	0.222	0.895	4
0.500	0.048	0.926	0.497	0.395	0.846	4
0.588	0.027	0.898	0.631	0.504	0.574	4
0.546	0.009	0.858	0.225	0.597	0.983	4
0.477	0.038	0.818	0.488	0.357	0.859	4
0.465	0.031	0.951	0.669	0.344	0.979	4
0.543	0.034	0.837	0.275	0.591	0.543	4
0.484	0.026	0.750	0.327	0.352	0.949	4
0.485	0.046	0.757	0.260	0.525	0.880	4
0.486	0.017	0.996	0.233	0.456	0.864	4
0.597	0.043	0.708	0.721	0.200	0.770	4
0.516	0.022	0.781	0.367	0.224	0.822	4
0.469	0.031	0.920	0.694	0.217	0.827	4
0.425	0.001	0.754	0.152	0.305	0.670	4
0.453	0.027	0.729	0.460	0.497	0.965	4
0.566	0.031	0.821	0.315	0.521	0.673	4
0.543	0.033	0.884	0.560	0.483	0.791	4
0.548	0.044	0.701	0.669	0.529	0.524	4
0.446	0.007	0.744	0.228	0.567	0.797	4
0.527	0.033	0.784	0.219	0.524	0.855	4
0.428	0.054	0.893	0.137	0.300	0.984	4
0.495	0.048	0.985	0.390	0.261	0.977	4
0.592	0.011	0.921	0.545	0.418	0.687	4
0.599	0.014	0.995	0.244	0.481	0.909	4
0.506	0.023	0.903	0.524	0.436	0.994	4
0.583	0.040	0.945	0.458	0.203	0.807	4
0.453	0.052	0.779	0.620	0.412	0.776	4
0.506	0.002	0.988	0.570	0.543	0.683	4
0.546	0.039	0.824	0.597	0.406	0.910	4
0.428	0.002	0.985	0.464	0.456	0.835	4
0.582	0.031	0.907	0.174	0.553	0.879	4
0.523	0.018	0.789	0.157	0.386	0.661	4
0.561	0.021	0.866	0.625	0.580	0.974	4
0.498	0.044	0.831	0.183	0.303	0.530	4
0.524	0.003	0.761	0.301	0.364	0.887	4
0.432	0.027	0.969	0.482	0.582	0.589	4
0.508	0.050	0.919	0.681	0.422	0.997	4
0.484	0.034	0.861	0.430	0.447	0.857	4
0.409	0.038	0.963	0.371	0.554	0.679	4
0.428	0.042	0.867	0.297	0.449	0.660	4
0.599	0.038	0.995	0.403	0.331	0.950	4
0.598	0.008	0.970	0.692	0.293	0.869	4
0.423	0.002	0.911	0.748	0.228	0.765	4
0.413	0.013	0.711	0.490	0.444	0.579	4
0.421	0.032	0.933	0.515	0.260	0.731	4
0.587	0.015	0.821	0.452	0.580	0.756	4
0.505	0.035	0.894	0.285	0.234	0.965	4
0.581	0.040	0.899	0.512	0.433	0.524	4
0.543	0.051	0.936	0.388	0.384	0.753	4
0.481	0.039	0.893	0.136	0.563	0.613	4
0.437	0.043	0.868	0.795	0.592	0.593	4
0.444	0.043	0.719	0.228	0.503	0.591	4
0.513	0.028	0.996	0.110	0.392	0.610	4
0.542	0.047	0.828	0.550	0.233	0.866	4
0.581	0.014	0.735	0.134	0.418	0.708	4
0.494	0.052	0.705	0.199	0.250	0.956	4
0.600	0.036	0.928	0.310	0.473	0.718	4
0.552	0.012	0.926	0.555	0.585	0.894	4
0.542	0.005	0.724	0.434	0.469	0.642	4
0.554	0.035	0.867	0.601	0.595	0.622	4
0.510	0.027	1.000	0.133	0.376	0.940	4
0.407	0.042	0.755	0.639	0.227	0.519	4
0.495	0.010	0.877	0.170	0.536	0.634	4
0.520	0.044	0.951	0.536	0.288	0.728	4
0.525	0.058	0.859	0.265	0.213	0.830	4
0.436	0.008	0.872	0.561	0.330	0.653	4
0.564	0.026	0.792	0.464	0.396	0.506	4
0.433	0.047	0.801	0.391	0.527	0.517	4
0.578	0.045	0.777	0.568	0.378	0.771	4
0.531	0.050	0.863	0.478	0.411	0.531	4
0.484	0.015	0.854	0.231	0.367	0.975	4
0.493	0.010	0.839	0.256	0.458	0.717	4
0.428	0.027	0.947	0.265	0.454	0.882	4
0.405	0.047	0.756	0.383	0.364	0.571	4
0.442	0.057	0.878	0.455	0.367	0.788	4
0.451	0.054	0.880	0.208	0.403	0.674	4
0.372	0.168	0.610	0.312	0.762	0.778	5
0.301	0.177	0.819	0.115	0.716	0.658	5
0.670	0.058	0.687	0.148	0.715	0.839	5
0.616	0.173	0.864	0.280	0.970	0.903	5
0.344	0.102	0.718	0.106	0.741	0.736	5
0.386	0.108	0.744	0.266	0.716	0.966	5
0.685	0.182	0.891	0.396	0.843	0.627	5
0.395	0.169	0.741	0.375	0.938	0.920	5
0.674	0.096	0.668	0.419	0.993	0.963	5
0.678	0.077	0.845	0.407	0.868	0.675	5
0.362	0.133	0.860	0.144	0.987	0.654	5
0.681	0.195	0.875	0.115	0.799	0.635	5
0.382	0.074	0.828	0.349	0.782	0.962	5
0.390	0.110	0.805	0.367	0.873	0.903	5
0.619	0.107	0.601	0.155	0.816	0.645	5
0.305	0.081	0.713	0.371	0.912	0.928	5
0.619	0.107	0.727	0.311	0.720	0.622	5
0.630	0.172	0.826	0.327	0.766	0.810	5
0.338	0.033	0.885	0.168	0.975	0.771	5
0.368	0.137	0.896	0.163	0.894	0.644	5
0.673	0.067	0.776	0.222	0.828	0.956	5
0.634	0.090	0.625	0.346	0.970	0.768	5
0.600	0.069	0.612	0.422	0.991	0.719	5
0.611	0.110	0.605	0.225	0.978	0.868	5
0.355	0.166	0.628	0.262	0.806	0.628	5
0.357	0.051	0.772	0.346	0.763	0.927	5
0.606	0.024	0.869	0.351	0.987	0.606	5
0.675	0.041	0.718	0.307	0.882	0.981	5
0.646	0.166	0.627	0.387	0.751	0.782	5
0.391	0.191	0.821	0.204	0.765	0.789	5
0.694	0.004	0.613	0.345	0.954	0.713	5
0.677	0.131	0.633	0.262	0.830	0.828	5
0.622	0.002	0.886	0.485	0.786	0.837	5
0.339	0.056	0.627	0.130	0.954	0.668	5
0.690	0.111	0.855	0.110	0.885	0.738	5
0.669	0.107	0.715	0.277	0.718	0.778	5
0.358	0.189	0.794	0.378	0.967	0.849	5
0.678	0.037	0.626	0.426	0.785	0.717	5
0.341	0.158	0.861	0.471	0.776	0.983	5
0.363	0.152	0.757	0.425	0.992	0.925	5
0.611	0.072	0.711	0.342	0.845	0.671	5
0.699	0.045	0.699	0.226	0.768	0.669	5
0.370	0.118	0.803	0.210	0.717	0.794	5
0.684	0.005	0.714	0.307	0.920	0.725	5
0.395	0.084	0.814	0.146	0.706	0.612	5
0.384	0.061	0.657	0.237	0.907	0.658	5
0.335	0.017	0.777	0.103	0.706	0.759	5
0.651	0.048	0.811	0.335	0.847	0.767	5
0.613	0.160	0.783	0.155	0.884	0.945	5
0.620	0.038	0.877	0.441	0.827	0.621	5
0.309	0.112	0.711	0.454	0.821	0.853	5
0.658	0.071	0.767	0.222	0.741	0.854	5
0.397	0.132	0.792	0.378	0.735	0.701	5
0.336	0.136	0.811	0.101	0.973	0.954	5
0.658	0.136	0.772	0.182	0.717	0.770	5
0.363	0.085	0.837	0.273	0.714	0.608	5
0.375	0.028	0.647	0.341	0.935	0.977	5
0.687	0.169	0.680	0.293	0.752	0.891	5
0.385	0.189	0.764	0.259	0.878	0.608	5
0.617	0.162	0.895	0.324	0.899	0.756	5
0.349	0.140	0.646	0.487	0.775	0.637	5
0.627	0.050	0.722	0.254	0.761	0.722	5
0.678	0.121	0.729	0.285	0.940	0.639	5
0.388	0.081	0.797	0.196	0.723	0.849	5
0.665	0.109	0.805	0.230	0.963	0.820	5
0.608	0.026	0.758	0.179	0.887	0.643	5
0.305	0.029	0.814	0.238	0.704	0.766	5
0.375	0.110	0.705	0.210	0.868	0.930	5
0.375	0.183	0.678	0.253	0.736	0.842	5
0.612	0.112	0.747	0.250	0.763	0.840	5
0.603	0.103	0.713	0.447	0.854	0.820	5
0.347	0.027	0.671	0.229	0.744	0.945	5
0.302	0.036	0.900	0.343	0.783	0.630	5
0.328	0.076	0.695	0.279	0.985	0.916	5
0.616	0.004	0.826	0.425	0.766	0.697	5
0.659	0.111	0.639	0.390	0.873	0.881	5
0.608	0.082	0.894	0.109	0.835	0.737	5
0.364	0.010	0.643	0.163	0.848	0.893	5
0.322	0.003	0.758	0.303	0.746	0.717	5
0.351	0.156	0.893	0.181	0.809	0.770	5
0.655	0.123	0.612	0.252	0.979	0.875	5
0.374	0.045	0.640	0.108	0.798	0.692	5
0.386	0.057	0.883	0.109	1.000	0.701	5
0.374	0.021	0.679	0.409	0.768	0.758	5
0.682	0.149	0.745	0.484	0.834	0.769	5
0.301	0.123	0.747	0.289	0.717	0.831	5
0.600	0.057	0.883	0.313	0.914	0.814	5
0.380	0.029	0.876	0.367	0.794	0.716	5
0.311	0.070	0.610	0.305	0.998	0.809	5
0.697	0.093	0.739	0.225	0.734	0.985	5
0.317	0.058	0.700	0.332	0.915	0.907	5
0.698	0.052	0.858	0.306	0.759	0.694	5
0.326	0.082	0.681	0.362	0.907	0.828	5
0.669	0.040	0.680	0.114	0.819	0.803	5
0.374	0.054	0.629	0.119	0.892	0.627	5
0.305	0.192	0.880	0.201	0.725	0.825	5
0.336	0.078	0.605	0.145	0.745	0.656	5
0.623	0.058	0.828	0.127	0.912	0.970	5
0.324	0.197	0.624	0.335	0.915	0.922	5
0.397	0.085	0.684	0.301	0.813	0.796	5
0.641	0.050	0.732	0.152	0.761	0.695	5
0.397	0.200	0.656	0.109	0.835	0.917	5
0.648	0.010	0.700	0.281	0.969	0.616	5
0.674	0.144	0.846	0.136	0.746	0.912	5
0.647	0.056	0.647	0.257	0.778	0.970	5
0.670	0.156	0.746	0.379	0.731	0.953	5
0.366	0.137	0.771	0.261	0.729	0.903	5
0.667	0.133	0.858	0.385	0.969	0.943	5
0.635	0.091	0.754	0.420	0.819	0.702	5
0.302	0.059	0.738	0.483	0.806	0.801	5
0.378	0.022	0.852	0.461	0.928	0.688	5
0.356	0.158	0.820	0.338	0.751	0.874	5
0.630	0.079	0.864	0.141	0.765	0.618	5
0.622	0.067	0.804	0.178	0.941	0.668	5
0.653	0.178	0.846	0.381	0.926	0.956	5
0.645	0.183	0.899	0.341	0.735	0.730	5
0.303	0.067	0.893	0.125	0.809	0.696	5
0.395	0.073	0.712	0.413	0.973	0.963	5
0.396	0.193	0.647	0.444	0.763	0.779	5
0.398	0.083	0.882	0.263	0.839	0.847	5
0.361	0.130	0.674	0.336	0.909	0.740	5
0.311	0.152	0.750	0.186	0.789	0.738	5
0.331	0.093	0.797	0.232	0.979	0.855	5
0.339	0.025	0.823	0.338	0.749	0.970	5
0.365	0.075	0.740	0.366	0.745	0.631	5
0.681	0.156	0.779	0.107	0.741	0.692	5
0.640	0.197	0.605	0.124	0.739	0.821	5
0.347	0.101	0.694	0.276	0.958	0.982	5
0.667	0.184	0.868	0.425	0.727	0.771	5
0.303	0.012	0.812	0.252	0.736	0.662	5
0.327	0.094	0.785	0.387	0.991	0.819	5
0.687	0.166	0.654	0.332	0.842	0.941	5
0.311	0.097	0.753	0.449	0.926	0.805	5
0.327	0.074	0.682	0.445	0.828	0.774	5
0.634	0.056	0.841	0.421	0.734	0.790	5
0.347	0.177	0.651	0.106	0.971	0.661	5
0.672	0.125	0.808	0.267	0.987	0.849	5
0.335	0.121	0.891	0.103	0.728	0.682	5
0.600	0.057	0.733	0.372	0.736	0.900	5
0.345	0.112	0.806	0.142	0.744	0.680	5
0.391	0.080	0.831	0.211	0.721	0.883	5
0.325	0.167	0.830	0.389	0.795	0.706	5
0.651	0.065	0.690	0.188	0.928	0.663	5
0.651	0.005	0.837	0.322	0.911	0.709	5
0.330	0.000	0.718	0.177	0.801	0.761	5
0.619	0.048	0.734	0.272	0.731	0.601	5
0.327	0.005	0.645	0.144	0.816	0.610	5
0.305	0.200	0.604	0.171	0.826	0.821	5
0.321	0.086	0.646	0.424	0.851	0.633	5
0.667	0.038	0.757	0.215	0.741	0.605	5
0.370	0.029	0.829	0.111	0.968	0.819	5
0.387	0.058	0.600	0.261	0.952	0.669	5
0.657	0.075	0.803	0.391	0.857	0.951	5
0.677	0.016	0.642	0.463	0.875	0.879	5
0.379	0.156	0.740	0.240	0.877	0.962	5
0.690	0.185	0.732	0.424	0.782	0.809	5
0.603	0.134	0.709	0.181	0.877	0.828	5
0.315	0.120	0.654	0.239	0.782	0.867	5
0.357	0.031	0.798	0.209	0.976	0.714	5
0.647	0.194	0.684	0.491	0.818	0.934	5
0.670	0.157	0.745	0.145	0.785	0.899	5
0.644	0.031	0.643	0.318	0.889	0.853	5
0.303	0.003	0.739	0.120	0.872	0.885	5
0.638	0.070	0.793	0.381	0.830	0.756	5
0.341	0.157	0.683	0.365	0.985	0.824	5
0.310	0.019	0.863	0.424	0.751	0.962	5
0.313	0.050	0.723	0.439	0.964	0.839	5
0.394	0.092	0.747	0.354	0.973	0.867	5
0.682	0.173	0.895	0.460	0.730	0.639	5
0.633	0.180	0.893	0.121	0.834	0.601	5
0.358	0.056	0.773	0.495	0.870	0.636	5
0.388	0.118	0.856	0.406	0.766	0.949	5
0.366	0.032	0.613	0.113	0.928	0.762	5
0.687	0.066	0.722	0.105	0.928	0.642	5
0.320	0.020	0.813	0.419	0.835	0.832	5
0.650	0.071	0.645	0.201	0.830	0.613	5
0.328	0.125	0.662	0.230	0.882	0.894	5
0.642	0.078	0.863	0.192	0.948	0.736	5
0.668	0.079	0.686	0.322	0.798	0.790	5
0.692	0.075	0.839	0.300	0.847	0.688	5
0.329	0.034	0.875	0.108	0.755	0.777	5
0.395	0.037	0.799	0.184	0.786	0.991	5
0.370	0.125	0.849	0.118	0.783	0.700	5
0.664	0.062	0.625	0.420	0.964	0.855	5
0.381	0.080	0.693	0.495	0.824	0.923	5
0.341	0.126	0.634	0.487	0.722	0.701	5
0.678	0.111	0.859	0.349	0.834	0.918	5
0.353	0.098	0.714	0.343	0.918	0.900	5
0.638	0.122	0.795	0.272	0.835	0.930	5
0.354	0.061	0.808	0.239	0.808	0.843	5
0.698	0.062	0.665	0.390	0.825	0.895	5
0.630	0.187	0.873	0.464	0.995	0.956	5
0.355	0.099	0.689	0.423	0.802	0.784	5
0.352	0.136	0.635	0.170	0.947	0.926	5
0.602	0.004	0.690	0.141	0.932	0.977	5
0.630	0.193	0.780	0.335	0.891	0.670	5
0.652	0.071	0.816	0.260	0.940	0.715	5
0.640	0.144	0.736	0.339	0.770	0.912	5
0.320	0.023	0.753	0.179	0.931	0.811	5
0.653	0.052	0.658	0.386	0.951	0.920	5
0.620	0.129	0.696	0.119	0.837	0.663	5
0.637	0.082	0.712	0.309	0.747	0.728	5
0.654	0.135	0.834	0.400	0.824	0.896	5
0.312	0.017	0.672	0.307	0.706	0.611	5
0.340	0.028	0.828	0.453	0.719	0.704	5
0.604	0.116	0.703	0.449	0.788	0.661	5
0.611	0.198	0.820	0.394	0.847	0.953	5
0.661	0.131	0.677	0.120	0.824	0.811	5
0.318	0.113	0.869	0.360	0.834	0.650	5
0.660	0.127	0.893	0.150	0.784	0.840	5
0.322	0.064	0.708	0.392	0.740	0.855	5
0.347	0.062	0.850	0.353	0.852	0.933	5
0.605	0.077	0.708	0.274	0.860	0.720	5
0.301	0.167	0.730	0.297	0.995	0.801	5
0.341	0.072	0.898	0.121	0.785	0.815	5
0.672	0.112	0.800	0.277	0.960	0.690	5
0.331	0.003	0.872	0.473	0.849	0.627	5
0.698	0.002	0.854	0.194	0.761	0.605	5
0.349	0.073	0.773	0.106	0.793	0.973	5
0.617	0.071	0.661	0.434	0.943	0.869	5
0.310	0.126	0.852	0.275	0.879	0.957	5
0.348	0.168	0.693	0.300	0.825	0.810	5
0.673	0.067	0.779	0.127	0.849	0.688	5
0.664	0.138	0.612	0.186	0.831	0.742	5
0.653	0.002	0.849	0.457	0.816	0.986	5
0.660	0.111	0.793	0.447	0.941	0.700	5
0.628	0.141	0.898	0.462	0.952	0.619	5
0.607	0.129	0.678	0.399	0.818	0.668	5
0.333	0.159	0.767	0.322	0.938	0.648	5
0.675	0.095	0.715	0.351	0.776	0.959	5
0.690	0.064	0.836	0.416	0.857	0.920	5
0.357	0.168	0.747	0.251	0.884	0.735	5
0.691	0.141	0.739	0.129	0.814	0.681	5
0.647	0.187	0.794	0.422	0.908	0.829	5
0.694	0.084	0.727	0.466	0.828	0.740	5
0.382	0.088	0.646	0.294	0.757	0.609	5
0.387	0.033	0.680	0.106	0.757	0.811	5
0.398	0.196	0.775	0.397	0.836	0.652	5
0.623	0.041	0.805	0.405	0.983	0.904	5
0.344	0.012	0.640	0.487	0.953	0.994	5
0.677	0.075	0.699	0.467	0.810	0.927	5
0.619	0.117	0.848	0.421	0.880	0.881	5
0.634	0.102	0.786	0.392	0.935	0.608	5
0.384	0.039	0.845	0.452	0.941	0.850	5
0.320	0.069	0.656	0.460	0.795	0.921	5
0.306	0.161	0.708	0.417	0.997	0.795	5
0.356	0.133	0.653	0.218	0.769	0.649	5
0.676	0.047	0.719	0.481	0.857	0.924	5
0.668	0.162	0.617	0.495	0.982	0.959	5
0.389	0.122	0.835	0.465	0.953	0.843	5
0.390	0.025	0.886	0.187	0.760	0.882	5
0.374	0.131	0.873	0.314	0.955	0.803	5
0.394	0.189	0.808	0.160	0.864	0.806	5
0.392	0.038	0.601	0.317	0.902	0.888	5
0.379	0.171	0.807	0.328	0.859	0.672	5
0.340	0.160	0.746	0.415	0.748	0.637	5
0.686	0.015	0.678	0.239	0.753	0.788	5
0.698	0.196	0.656	0.422	0.980	0.845	5
0.637	0.078	0.694	0.221	0.919	0.635	5
0.644	0.112	0.813	0.372	0.868	0.912	5
0.616	0.175	0.636	0.264	0.841	0.711	5
0.670	0.098	0.721	0.177	0.904	0.837	5
0.661	0.103	0.809	0.430	0.782	0.701	5
0.355	0.188	0.674	0.202	0.876	0.691	5
0.692	0.037	0.855	0.327	0.871	0.733	5
0.612	0.175	0.831	0.341	0.775	0.928	5
0.664	0.148	0.604	0.105	0.701	0.609	5
0.328	0.190	0.885	0.291	0.833	0.996	5
0.625	0.113	0.773	0.191	0.926	0.648	5
0.318	0.126	0.753	0.438	0.896	0.685	5
0.383	0.087	0.856	0.102	0.971	0.632	5
0.626	0.012	0.856	0.214	0.950	0.868	5
0.601	0.180	0.693	0.318	0.943	0.730	5
0.303	0.047	0.637	0.211	0.781	0.851	5
0.390	0.095	0.636	0.198	0.809	0.823	5
0.663	0.058	0.836	0.165	0.973	0.776	5
0.643	0.043	0.811	0.213	0.963	0.918	5
0.648	0.118	0.869	0.126	0.910	0.618	5
0.349	0.088	0.724	0.356	0.988	0.871	5
0.626	0.018	0.678	0.127	0.962	0.852	5
0.391	0.017	0.647	0.260	0.773	0.831	5
0.663	0.070	0.873	0.433	0.941	0.665	5
0.635	0.082	0.852	0.318	0.852	0.621	5
0.662	0.012	0.614	0.136	0.712	0.644	5
0.362	0.117	0.877	0.320	0.849	0.996	5
0.687	0.002	0.622	0.211	0.950	0.611	5
0.333	0.039	0.707	0.215	0.763	0.702	5
0.641	0.163	0.878	0.416	0.907	0.766	5
0.329	0.116	0.796	0.150	0.784	0.607	5
0.355	0.065	0.710	0.354	0.759	0.962	5
0.382	0.138	0.655	0.391	0.814	0.817	5
0.350	0.103	0.809	0.320	0.750	0.676	5
0.678	0.053	0.633	0.219	0.823	0.656	5
0.605	0.193	0.719	0.331	0.733	0.842	5
0.308	0.132	0.690	0.299	0.773	0.706	5
0.331	0.030	0.775	0.159	0.772	0.700	5
0.307	0.143	0.888	0.358	0.865	0.723	5
0.668	0.067	0.733	0.492	0.904	0.728	5
0.630	0.025	0.609	0.226	0.786	0.891	5
0.618	0.189	0.878	0.494	0.996	0.733	5
0.356	0.146	0.774	0.427	0.889	0.849	5
0.660	0.127	0.810	0.329	0.973	0.874	5
0.305	0.109	0.848	0.169	0.751	0.884	5
0.631	0.177	0.876	0.418	0.947	0.695	5
0.663	0.139	0.603	0.155	0.797	0.600	5
0.314	0.063	0.669	0.348	0.832	0.733	5
0.632	0.018	0.664	0.311	0.885	0.686	5
0.337	0.172	0.805	0.138	0.961	0.855	5
0.308	0.134	0.878	0.362	0.929	0.854	5
0.339	0.080	0.616	0.207	0.848	0.773	5
0.610	0.166	0.692	0.150	0.906	0.877	5
0.639	0.084	0.813	0.400	0.978	0.629	5
0.605	0.044	0.840	0.195	0.862	0.714	5
0.691	0.064	0.862	0.259	0.797	0.848	5
0.654	0.121	0.879	0.124	0.900	0.660	5
0.667	0.044	0.737	0.167	0.885	0.828	5
0.665	0.039	0.768	0.436	0.887	0.983	5
0.341	0.146	0.709	0.356	0.817	0.818	5
0.316	0.085	0.807	0.453	0.916	0.808	5
0.335	0.104	0.853	0.464	0.743	0.629	5
0.327	0.127	0.668	0.421	0.966	0.703	5
0.688	0.014	0.747	0.167	0.885	0.691	5
0.663	0.015	0.614	0.474	0.747	0.991	5
0.354	0.188	0.627	0.421	0.854	0.987	5
0.625	0.139	0.808	0.239	0.732	0.667	5
0.371	0.185	0.893	0.298	0.947	0.668	5
0.358	0.179	0.892	0.496	0.808	0.926	5
0.659	0.049	0.811	0.385	0.989	0.617	5
0.304	0.150	0.704	0.276	0.822	0.972	5
0.322	0.072	0.678	0.228	0.896	0.909	5
0.697	0.044	0.722	0.331	0.701	0.954	5
0.322	0.138	0.608	0.195	0.880	0.829	5
0.338	0.165	0.676	0.338	0.803	0.802	5
0.664	0.021	0.805	0.242	0.945	0.965	5
0.686	0.313	0.589	0.261	0.553	0.964	6
0.649	0.384	0.785	0.075	0.399	0.904	6
0.645	0.149	0.701	0.373	0.604	0.927	6
0.321	0.445	0.577	0.297	0.580	0.906	6
0.602	0.415	0.608	0.216	0.739	0.873	6
0.694	0.112	0.750	0.115	0.432	0.902	6
0.376	0.118	0.589	0.091	0.561	0.967	6
0.689	0.456	0.529	0.277	0.548	0.885	6
0.386	0.440	0.687	0.021	0.315	0.881	6
0.348	0.480	0.596	0.234	0.618	0.808	6
0.321	0.303	0.522	0.394	0.480	0.916	6
0.648	0.372	0.581	0.279	0.304	0.813	6
0.341	0.146	0.511	0.226	0.710	0.900	6
0.371	0.116	0.518	0.012	0.761	0.895	6
0.669	0.103	0.674	0.373	0.385	0.929	6
0.368	0.260	0.710	0.204	0.515	0.990	6
0.387	0.014	0.510	0.246	0.650	0.893	6
0.344	0.149	0.540	0.012	0.348	0.997	6
0.600	0.361	0.541	0.184	0.647	0.897	6
0.629	0.098	0.590	0.143	0.432	0.938	6
0.325	0.197	0.726	0.087	0.752	0.954	6
0.333	0.039	0.654	0.102	0.435	0.886	6
0.307	0.038	0.628	0.095	0.443	0.977	6
0.656	0.028	0.631	0.162	0.750	0.957	6
0.337	0.300	0.653	0.111	0.465	0.988	6
0.359	0.400	0.632	0.267	0.475	0.988	6
0.397	0.333	0.750	0.159	0.396	0.851	6
0.354	0.403	0.571	0.296	0.548	0.971	6
0.687	0.190	0.568	0.354	0.593	0.922	6
0.329	0.275	0.756	0.343	0.688	0.828	6
0.665	0.486	0.595	0.207	0.536	1.000	6
0.318	0.129	0.547	0.205	0.468	0.817	6
0.303	0.446	0.771	0.006	0.779	0.836	6
0.324	0.258	0.584	0.035	0.575	0.862	6
0.388	0.457	0.527	0.278	0.741	0.912	6
0.334	0.346	0.696	0.284	0.745	0.968	6
0.654	0.083	0.729	0.340	0.744	0.893	6
0.675	0.095	0.758	0.129	0.540	0.949	6
0.658	0.401	0.640	0.214	0.368	0.807	6
0.664	0.136	0.751	0.152	0.424	0.918	6
0.333	0.325	0.650	0.043	0.673	0.871	6
0.669	0.117	0.618	0.364	0.648	0.879	6
0.340	0.262	0.580	0.069	0.478	0.803	6
0.341	0.413	0.673	0.124	0.670	0.911	6
0.337	0.237	0.744	0.377	0.797	0.988	6
0.352	0.315	0.562	0.260	0.701	0.861	6
0.320	0.374	0.576	0.343	0.714	0.806	6
0.616	0.371	0.504	0.293	0.530	0.967	6
0.322	0.329	0.571	0.397	0.562	0.843	6
0.353	0.019	0.741	0.302	0.497	0.831	6
0.305	0.245	0.594	0.088	0.503	0.884	6
0.330	0.286	0.660	0.041	0.471	0.984	6
0.654	0.388	0.665	0.236	0.372	0.871	6
0.621	0.403	0.700	0.051	0.323	0.858	6
0.603	0.016	0.667	0.173	0.355	0.887	6
0.681	0.026	0.654	0.078	0.562	0.828	6
0.396	0.093	0.523	0.076	0.619	0.995	6
0.388	0.218	0.527	0.006	0.585	0.831	6
0.319	0.045	0.605	0.360	0.604	0.845	6
0.377	0.141	0.577	0.156	0.438	0.888	6
0.373	0.074	0.530	0.042	0.317	0.821	6
0.667	0.452	0.644	0.238	0.561	0.904	6
0.370	0.301	0.763	0.185	0.613	0.842	6
0.328	0.146	0.555	0.243	0.698	0.858	6
0.650	0.457	0.666	0.170	0.664	0.978	6
0.688	0.458	0.770	0.100	0.370	0.907	6
0.616	0.477	0.629	0.223	0.365	0.947	6
0.643	0.345	0.749	0.056	0.456	0.961	6
0.602	0.306	0.590	0.293	0.794	0.904	6
0.392	0.188	0.653	0.393	0.669	0.871	6
0.635	0.411	0.711	0.153	0.612	0.951	6
0.318	0.465	0.505	0.075	0.673	0.804	6
0.386	0.155	0.743	0.005	0.613	0.998	6
0.334	0.443	0.525	0.102	0.600	0.802	6
0.374	0.282	0.645	0.236	0.556	0.873	6
0.308	0.485	0.567	0.107	0.308	0.983	6
0.342	0.022	0.630	0.131	0.435	0.817	6
0.323	0.192	0.524	0.071	0.743	0.898	6
0.670	0.480	0.710	0.209	0.742	0.897	6
0.693	0.145	0.711	0.363	0.685	0.923	6
0.611	0.236	0.706	0.227	0.511	0.888	6
0.390	0.082	0.579	0.147	0.485	0.860	6
0.388	0.341	0.741	0.001	0.459	0.850	6
0.313	0.414	0.720	0.135	0.735	0.939	6
0.626	0.226	0.680	0.181	0.743	0.901	6
0.654	0.298	0.736	0.215	0.785	0.810	6
0.643	0.208	0.544	0.182	0.700	0.841	6
0.639	0.007	0.645	0.285	0.761	0.949	6
0.674	0.059	0.671	0.117	0.303	0.841	6
0.328	0.158	0.780	0.315	0.442	0.956	6
0.349	0.007	0.786	0.275	0.482	0.827	6
0.696	0.369	0.773	0.084	0.579	0.822	6
0.329	0.175	0.722	0.169	0.315	0.944	6
0.659	0.184	0.662	0.252	0.423	0.861	6
0.634	0.144	0.659	0.247	0.506	0.974	6
0.610	0.180	0.744	0.310	0.659	0.874	6
0.368	0.353	0.727	0.187	0.364	0.825	6
0.307	0.240	0.575	0.149	0.319	0.893	6
0.687	0.484	0.726	0.115	0.628	0.870	6
0.381	0.197	0.583	0.050	0.784	0.848	6
0.331	0.474	0.587	0.007	0.393	0.962	6
0.615	0.469	0.780	0.058	0.466	0.938	6
0.637	0.365	0.616	0.013	0.455	0.901	6
0.653	0.379	0.571	0.371	0.496	0.990	6
0.369	0.350	0.534	0.093	0.359	0.988	6
0.645	0.228	0.648	0.210	0.568	0.970	6
0.645	0.017	0.702	0.231	0.459	0.803	6
0.659	0.419	0.592	0.282	0.434	0.803	6
0.368	0.029	0.702	0.256	0.541	0.922	6
0.637	0.213	0.687	0.092	0.414	0.918	6
0.314	0.025	0.552	0.146	0.637	0.866	6
0.622	0.181	0.701	0.164	0.702	0.894	6
0.388	0.299	0.669	0.166	0.742	0.903	6
0.645	0.112	0.732	0.261	0.308	0.938	6
0.685	0.344	0.552	0.378	0.554	0.883	6
0.363	0.117	0.745	0.368	0.512	0.837	6
0.658	0.492	0.681	0.088	0.592	0.832	6
0.309	0.062	0.752	0.382	0.671	0.942	6
0.605	0.111	0.668	0.255	0.381	0.805	6
0.391	0.217	0.530	0.270	0.519	0.942	6
0.639	0.325	0.750	0.009	0.683	0.864	6
0.616	0.169	0.508	0.324	0.604	0.830	6
0.354	0.067	0.650	0.243	0.697	0.908	6
0.636	0.078	0.559	0.239	0.495	0.872	6
0.646	0.092	0.566	0.194	0.703	0.838	6
0.696	0.380	0.549	0.389	0.431	0.933	6
0.322	0.348	0.639	0.007	0.787	0.868	6
0.629	0.128	0.702	0.221	0.735	0.817	6
0.325	0.081	0.641	0.354	0.350	0.865	6
0.377	0.008	0.622	0.028	0.508	0.863	6
0.307	0.221	0.768	0.208	0.564	0.890	6
0.659	0.203	0.721	0.083	0.430	0.899	6
0.647	0.041	0.671	0.051	0.603	0.885	6
0.669	0.093	0.755	0.362	0.608	0.986	6
0.623	0.009	0.529	0.064	0.422	0.940	6
0.352	0.490	0.506	0.062	0.468	0.969	6
0.331	0.438	0.735	0.073	0.360	0.863	6
0.689	0.052	0.577	0.185	0.573	0.939	6
0.629	0.440	0.671	0.340	0.516	0.991	6
0.397	0.400	0.639	0.271	0.616	0.815	6
0.376	0.142	0.792	0.384	0.742	0.806	6
0.622	0.098	0.667	0.204	0.698	0.828	6
0.603	0.362	0.673	0.155	0.707	0.963	6
0.399	0.089	0.678	0.052	0.324	0.970	6
0.616	0.085	0.767	0.300	0.754	0.875	6
0.357	0.282	0.641	0.057	0.575	0.940	6
0.324	0.114	0.635	0.018	0.357	0.934	6
0.611	0.022	0.781	0.332	0.542	0.860	6
0.306	0.205	0.792	0.168	0.655	0.859	6
0.371	0.010	0.750	0.046	0.636	0.837	6
0.341	0.234	0.740	0.353	0.568	0.880	6
0.654	0.094	0.756	0.175	0.431	0.843	6
0.660	0.394	0.586	0.247	0.656	0.849	6
0.363	0.268	0.717	0.390	0.616	0.997	6
0.691	0.478	0.637	0.075	0.389	0.997	6
0.372	0.426	0.704	0.205	0.789	0.811	6
0.359	0.428	0.628	0.255	0.437	0.899	6
0.641	0.171	0.547	0.175	0.505	0.931	6
0.326	0.038	0.501	0.275	0.574	0.845	6
0.373	0.133	0.510	0.272	0.358	0.817	6
0.682	0.173	0.778	0.285	0.699	0.872	6
0.627	0.266	0.530	0.200	0.569	0.971	6
0.676	0.497	0.524	0.160	0.465	0.805	6
0.618	0.354	0.759	0.367	0.628	0.807	6
0.391	0.044	0.616	0.348	0.715	0.816	6
0.688	0.300	0.556	0.161	0.420	0.919	6
0.315	0.259	0.745	0.021	0.446	0.971	6
0.346	0.194	0.621	0.019	0.652	0.877	6
0.322	0.058	0.719	0.202	0.534	0.932	6
0.380	0.407	0.535	0.350	0.561	0.981	6
0.680	0.302	0.511	0.171	0.443	0.980	6
0.673	0.109	0.606	0.265	0.634	0.884	6
0.653	0.274	0.778	0.103	0.476	0.867	6
0.380	0.354	0.772	0.106	0.478	0.920	6
0.662	0.193	0.705	0.022	0.652	0.820	6
0.677	0.045	0.765	0.189	0.773	0.805	6
0.604	0.239	0.737	0.089	0.574	0.927	6
0.645	0.295	0.658	0.094	0.768	0.910	6
0.370	0.331	0.523	0.186	0.415	0.972	6
0.370	0.418	0.533	0.066	0.723	0.934	6
0.364	0.395	0.516	0.312	0.529	0.856	6
0.389	0.133	0.754	0.351	0.413	0.808	6
0.376	0.258	0.550	0.375	0.621	0.868	6
0.350	0.056	0.519	0.048	0.449	0.831	6
0.662	0.486	0.614	0.140	0.728	0.957	6
0.622	0.090	0.626	0.224	0.793	0.985	6
0.311	0.084	0.625	0.205	0.441	0.826	6
0.620	0.447	0.643	0.196	0.595	0.930	6
0.329	0.120	0.565	0.304	0.752	0.982	6
0.644	0.413	0.511	0.282	0.447	0.801	6
0.334	0.419	0.541	0.375	0.577	0.857	6
0.677	0.350	0.738	0.161	0.558	0.831	6
0.610	0.053	0.798	0.139	0.663	0.836	6
0.675	0.483	0.536	0.043	0.757	0.884	6
0.699	0.212	0.759	0.079	0.697	0.829	6
0.356	0.090	0.777	0.145	0.716	0.982	6
0.681	0.450	0.682	0.171	0.593	0.940	6
0.682	0.367	0.676	0.342	0.352	0.919	6
0.332	0.195	0.713	0.229	0.485	0.933	6
0.352	0.190	0.697	0.361	0.418	0.974	6
0.686	0.450	0.579	0.347	0.609	0.990	6
0.660	0.265	0.500	0.054	0.539	0.956	6
0.681	0.342	0.597	0.037	0.400	0.810	6
0.321	0.055	0.601	0.094	0.574	0.845	6
0.673	0.179	0.708	0.381	0.584	0.807	6
0.620	0.315	0.687	0.030	0.391	0.805	6
0.386	0.344	0.680	0.233	0.720	0.924	6
0.352	0.328	0.757	0.037	0.464	0.838	6
0.684	0.353	0.662	0.143	0.440	0.878	6
0.306	0.051	0.772	0.283	0.705	0.950	6
0.367	0.216	0.623	0.020	0.733	0.802	6
0.364	0.176	0.526	0.173	0.610	0.943	6
0.315	0.335	0.784	0.310	0.341	0.868	6
0.369	0.371	0.562	0.220	0.571	0.995	6
0.651	0.159	0.740	0.267	0.723	0.851	6
0.352	0.305	0.596	0.238	0.639	0.891	6
0.314	0.495	0.646	0.205	0.627	0.932	6
0.343	0.049	0.521	0.014	0.776	0.971	6
0.335	0.367	0.721	0.369	0.620	0.955	6
0.334	0.065	0.706	0.038	0.371	0.923	6
0.355	0.047	0.724	0.080	0.729	0.941	6
0.698	0.333	0.600	0.386	0.613	0.939	6
0.698	0.338	0.658	0.108	0.665	0.985	6
0.668	0.296	0.790	0.307	0.407	0.861	6
0.698	0.285	0.656	0.399	0.785	0.886	6
0.695	0.133	0.672	0.016	0.368	0.987	6
0.622	0.085	0.747	0.137	0.683	0.912	6
0.672	0.434	0.502	0.138	0.630	0.916	6
0.636	0.084	0.723	0.035	0.477	0.862	6
0.674	0.256	0.620	0.116	0.587	0.858	6
0.385	0.136	0.501	0.145	0.479	0.865	6
0.643	0.138	0.664	0.303	0.701	0.919	6
0.305	0.185	0.673	0.317	0.312	0.852	6
0.623	0.383	0.518	0.184	0.614	0.801	6
0.698	0.003	0.722	0.380	0.520	0.997	6
0.633	0.344	0.725	0.166	0.398	0.957	6
0.303	0.154	0.766	0.341	0.663	0.831	6
0.662	0.444	0.712	0.188	0.378	0.958	6
0.340	0.440	0.782	0.041	0.497	0.883	6
0.376	0.053	0.686	0.343	0.732	0.925	6
0.611	0.389	0.758	0.270	0.649	0.850	6
0.355	0.110	0.574	0.058	0.469	0.961	6
0.331	0.067	0.580	0.209	0.573	0.821	6
0.300	0.155	0.508	0.261	0.461	0.870	6
0.684	0.477	0.612	0.057	0.479	0.899	6
0.656	0.201	0.612	0.071	0.517	0.918	6
0.323	0.061	0.664	0.327	0.464	0.880	6
0.684	0.410	0.716	0.342	0.511	0.913	6
0.698	0.298	0.687	0.287	0.377	0.871	6
0.672	0.342	0.771	0.367	0.622	0.912	6
0.629	0.139	0.753	0.008	0.317	0.846	6
0.661	0.169	0.703	0.118	0.307	0.921	6
0.329	0.149	0.649	0.122	0.734	0.803	6
0.603	0.048	0.710	0.252	0.395	0.808	6
0.643	0.386	0.646	0.169	0.699	0.993	6
0.670	0.043	0.524	0.153	0.589	0.823	6
0.305	0.481	0.553	0.030	0.783	0.907	6
0.332	0.141	0.648	0.279	0.744	0.872	6
0.643	0.310	0.665	0.164	0.305	0.868	6
0.380	0.240	0.576	0.225	0.557	0.920	6
0.319	0.383	0.588	0.075	0.458	0.942	6
0.632	0.218	0.667	0.200	0.506	0.814	6
0.370	0.073	0.645	0.324	0.379	0.948	6
0.387	0.227	0.716	0.244	0.464	0.915	6
0.654	0.380	0.614	0.007	0.645	0.887	6
0.304	0.085	0.566	0.171	0.690	0.934	6
0.648	0.396	0.569	0.211	0.682	0.832	6
0.311	0.112	0.608	0.074	0.740	0.945	6
0.392	0.386	0.614	0.360	0.412	0.917	6
0.359	0.144	0.630	0.352	0.659	0.807	6
0.635	0.241	0.566	0.085	0.592	0.978	6
0.370	0.376	0.548	0.223	0.316	0.874	6
0.631	0.392	0.780	0.375	0.303	0.826	6
0.635	0.194	0.606	0.294	0.555	0.910	6
0.338	0.355	0.798	0.351	0.785	0.830	6
0.342	0.353	0.627	0.299	0.562	0.956	6
0.334	0.340	0.534	0.352	0.638	0.915	6
0.645	0.308	0.785	0.108	0.500	0.979	6
0.313	0.059	0.704	0.324	0.635	0.880	6
0.322	0.416	0.647	0.093	0.672	0.926	6
0.603	0.186	0.677	0.385	0.598	0.866	6
0.344	0.072	0.774	0.047	0.659	0.854	6
0.644	0.098	0.714	0.204	0.662	0.921	6
0.308	0.488	0.741	0.106	0.580	0.977	6
0.319	0.310	0.651	0.019	0.495	0.870	6
0.368	0.231	0.599	0.258	0.754	0.912	6
0.364	0.283	0.626	0.016	0.379	0.811	6
0.329	0.496	0.522	0.079	0.359	0.982	6
0.307	0.139	0.600	0.385	0.476	0.955	6
0.325	0.001	0.605	0.367	0.614	0.823	6
0.640	0.405	0.633	0.220	0.490	0.997	6
0.351	0.312	0.683	0.132	0.507	0.935	6
0.655	0.237	0.771	0.313	0.405	0.880	6
0.676	0.084	0.770	0.277	0.781	0.992	6
0.613	0.190	0.524	0.107	0.512	0.997	6
0.323	0.385	0.690	0.301	0.600	0.857	6
0.608	0.146	0.545	0.367	0.518	0.893	6
0.384	0.268	0.711	0.123	0.551	0.875	6
0.368	0.272	0.607	0.383	0.767	0.913	6
0.353	0.410	0.630	0.282	0.684	0.945	6
0.697	0.195	0.667	0.120	0.740	0.878	6
0.302	0.332	0.525	0.167	0.395	0.838	6
0.312	0.384	0.796	0.157	0.465	0.912	6
0.370	0.411	0.537	0.339	0.352	0.803	6
0.670	0.263	0.719	0.040	0.723	0.838	6
0.665	0.479	0.741	0.394	0.468	0.948	6
0.657	0.139	0.669	0.188	0.447	0.804	6
0.324	0.062	0.740	0.296	0.605	0.986	6
0.372	0.109	0.651	0.087	0.432	0.946	6
0.683	0.069	0.630	0.199	0.352	0.824	6
0.321	0.252	0.789	0.004	0.472	0.864	6
0.346	0.225	0.615	0.387	0.544	0.966	6
0.316	0.149	0.787	0.400	0.775	0.816	6
0.320	0.206	0.665	0.132	0.374	0.888	6
0.367	0.017	0.501	0.140	0.737	0.886	6
0.364	0.029	0.799	0.043	0.710	0.897	6
0.611	0.267	0.577	0.101	0.543	0.855	6
0.319	0.151	0.549	0.352	0.567	0.869	6
0.365	0.290	0.574	0.189	0.367	0.860	6
0.400	0.006	0.536	0.296	0.641	0.846	6
0.689	0.152	0.623	0.289	0.495	0.958	6
0.389	0.306	0.763	0.130	0.527	0.985	6
0.373	0.008	0.723	0.337	0.712	0.915	6
0.616	0.145	0.681	0.151	0.547	0.916	6
0.377	0.150	0.752	0.213	0.577	0.872	6
0.693	0.005	0.622	0.140	0.335	0.942	6
0.626	0.237	0.508	0.010	0.522	0.925	6
0.306	0.400	0.673	0.295	0.542	0.949	6
0.360	0.027	0.647	0.171	0.471	0.969	6
0.670	0.390	0.514	0.251	0.608	0.986	6
0.310	0.234	0.564	0.286	0.653	0.999	6
0.626	0.256	0.795	0.273	0.771	0.850	6
0.601	0.415	0.652	0.192	0.365	0.903	6
0.641	0.013	0.728	0.399	0.774	0.843	6
